-- h/link  : load script in server side
-- hl/link : load script in client side

local Player = game:GetService("Players").ItzNotShadow01
local Character = Player.Character
local mouse = Player:GetMouse()
local Mouse = mouse
PlayerGui = Player.PlayerGui
Cam = workspace.CurrentCamera
Backpack = Player.Backpack
Humanoid = Character.Humanoid
RootPart = Character.HumanoidRootPart
Torso = Character.Torso
Head = Character.Head
RightArm = Character["Right Arm"]
LeftArm = Character["Left Arm"]
RightLeg = Character["Right Leg"]
LeftLeg = Character["Left Leg"]
RootJoint = RootPart.RootJoint
Neck = Torso.Neck
RightShoulder = Torso["Right Shoulder"]
LeftShoulder = Torso["Left Shoulder"]
RightHip = Torso["Right Hip"]
LeftHip = Torso["Left Hip"]

IT = Instance.new
CF = CFrame.new
VT = Vector3.new
RAD = math.rad
C3 = Color3.new
UD2 = UDim2.new
BRICKC = BrickColor.new
ANGLES = CFrame.Angles
EULER = CFrame.fromEulerAnglesXYZ
COS = math.cos
ACOS = math.acos
SIN = math.sin
ASIN = math.asin
ABS = math.abs
MRANDOM = math.random
FLOOR = math.floor

function CreateWeldOrSnapOrMotor(TYPE, PARENT, PART0, PART1, C0, C1)
	local NEWWELD = IT(TYPE)
	NEWWELD.Part0 = PART0
	NEWWELD.Part1 = PART1
	NEWWELD.C0 = C0
	NEWWELD.C1 = C1
	NEWWELD.Parent = PARENT
	return NEWWELD
end

--[[ Gun = Instance.new("Part", Character)
Gun.Size = Vector3.new(1,1.18,1.35)
Gun.Anchored = false
Gun.CanCollide = true
Gun.BrickColor = BrickColor.new("Black")
Gun.Transparency = 0

GunMesh = Instance.new("SpecialMesh",Gun)
GunMesh.MeshId = "rbxassetid://4615369575"
GunMesh.Scale = Vector3.new(2,2,2) --]]

cors = {}
mas = Instance.new("Folder",Character)
Gun = Instance.new("Part")
GunAdditions = Instance.new("Model")
Part2 = Instance.new("Part")
Part3 = Instance.new("Part")
Part4 = Instance.new("Part")
Part5 = Instance.new("Part")
Part6 = Instance.new("Part")
Part7 = Instance.new("Part")
Part8 = Instance.new("Part")
Part9 = Instance.new("Part")
Part10 = Instance.new("Part")
Part11 = Instance.new("Part")
Part12 = Instance.new("Part")
Part13 = Instance.new("Part")
Part14 = Instance.new("Part")
Part15 = Instance.new("Part")
Part16 = Instance.new("Part")
Part17 = Instance.new("Part")
Part18 = Instance.new("Part")
Part19 = Instance.new("Part")
Part20 = Instance.new("Part")
Part21 = Instance.new("Part")
Part22 = Instance.new("Part")
Part23 = Instance.new("Part")
Part24 = Instance.new("Part")
Part25 = Instance.new("Part")
Part26 = Instance.new("Part")
Part27 = Instance.new("Part")
Part28 = Instance.new("Part")
Part29 = Instance.new("Part")
Part30 = Instance.new("Part")
Part31 = Instance.new("Part")
Part32 = Instance.new("Part")
NeonParts = Instance.new("Model")
Part34 = Instance.new("Part")
Part35 = Instance.new("Part")
Part36 = Instance.new("Part")
Part37 = Instance.new("Part")
Part38 = Instance.new("Part")
Part39 = Instance.new("Part")
Part40 = Instance.new("Part")
Part41 = Instance.new("Part")
Part42 = Instance.new("Part")
Part43 = Instance.new("Part")
Part44 = Instance.new("Part")
Part45 = Instance.new("Part")
Part46 = Instance.new("Part")
Part47 = Instance.new("Part")
Part48 = Instance.new("Part")
Part49 = Instance.new("Part")
Part50 = Instance.new("Part")
Part51 = Instance.new("Part")
Part52 = Instance.new("Part")
Part53 = Instance.new("Part")
Part54 = Instance.new("Part")
Part55 = Instance.new("Part")
Part56 = Instance.new("Part")
Part57 = Instance.new("Part")
Part58 = Instance.new("Part")
WedgePart59 = Instance.new("WedgePart")
WedgePart60 = Instance.new("WedgePart")
WedgePart61 = Instance.new("WedgePart")
WedgePart62 = Instance.new("WedgePart")
WedgePart63 = Instance.new("WedgePart")
WedgePart64 = Instance.new("WedgePart")
WedgePart65 = Instance.new("WedgePart")
WedgePart66 = Instance.new("WedgePart")
WedgePart67 = Instance.new("WedgePart")
WedgePart68 = Instance.new("WedgePart")
WedgePart69 = Instance.new("WedgePart")
WedgePart70 = Instance.new("WedgePart")
WedgePart71 = Instance.new("WedgePart")
WedgePart72 = Instance.new("WedgePart")
WedgePart73 = Instance.new("WedgePart")
WedgePart74 = Instance.new("WedgePart")
WedgePart75 = Instance.new("WedgePart")
WedgePart76 = Instance.new("WedgePart")
WedgePart77 = Instance.new("WedgePart")
WedgePart78 = Instance.new("WedgePart")
WedgePart79 = Instance.new("WedgePart")
WedgePart80 = Instance.new("WedgePart")
WedgePart81 = Instance.new("WedgePart")
WedgePart82 = Instance.new("WedgePart")
WedgePart83 = Instance.new("WedgePart")
WedgePart84 = Instance.new("WedgePart")
WedgePart85 = Instance.new("WedgePart")
WedgePart86 = Instance.new("WedgePart")
WedgePart87 = Instance.new("WedgePart")
WedgePart88 = Instance.new("WedgePart")
WedgePart89 = Instance.new("WedgePart")
WedgePart90 = Instance.new("WedgePart")
WedgePart91 = Instance.new("WedgePart")
WedgePart92 = Instance.new("WedgePart")
Gun.Parent = mas
Gun.CFrame = CFrame.new(19.5114193, 17.4151173, 29.1267776, 0.0766888559, -0.0419792645, 0.996165454, -0.772843122, -0.633737981, 0.0327864662, 0.629938841, -0.772393823, -0.0810419023)
Gun.Orientation = Vector3.new(-1.8799999952316, 94.650001525879, -129.35000610352)
Gun.Position = Vector3.new(19.511419296265, 17.385117263794, 29.076777648926)
Gun.Rotation = Vector3.new(-157.9700012207, 84.980003356934, 28.700000762939)
Gun.Color = Color3.new(1, 1, 1)
Gun.Size = Vector3.new(9.3359508514404 / 4.5, 8.5937814712524 / 4.5, 1.4496214389801 * 1.5)
Gun.Anchored = true
Gun.BrickColor = BrickColor.new("Institutional white")
Gun.CanCollide = false
Gun.Locked = false
Gun.Material = Enum.Material.Metal
Gun.brickColor = BrickColor.new("Institutional white")
GunMesh = IT("SpecialMesh",Gun)
GunMesh.MeshId = "rbxassetid://4615369575"
GunMesh.Scale = VT(2.01,2.01,2.01)
GunAdditions.Name = "Unions"
GunAdditions.Parent = Gun
Part2.Parent = Model1
Part2.CFrame = CFrame.new(19.2145634, 16.6421738, 27.6565914, -0.0637066588, -0.0594783835, -0.996194661, 0.908383965, -0.416817188, -0.0332048088, -0.413256198, -0.907042325, 0.0805832073)
Part2.Orientation = Vector3.new(1.8999999761581, -85.379997253418, 114.65000152588)
Part2.Position = Vector3.new(19.214563369751, 16.64217376709, 27.656591415405)
Part2.Rotation = Vector3.new(22.389999389648, -85, 136.9700012207)
Part2.Color = Color3.new(0.498039, 0.498039, 0.498039)
Part2.Size = Vector3.new(0.15661776065826, 0.090356394648552, 0.27307713031769)
Part2.Anchored = true
Part2.BottomSurface = Enum.SurfaceType.Smooth
Part2.BrickColor = BrickColor.new("Sand green")
Part2.CanCollide = false
Part2.Locked = false
Part2.Material = Enum.Material.Metal
Part2.TopSurface = Enum.SurfaceType.Smooth
Part2.brickColor = BrickColor.new("Sand green")
Part3.Parent = Model1
Part3.CFrame = CFrame.new(19.3688221, 18.9064026, 23.968647, -0.0833633617, 0.722394645, -0.686437607, 0.09322685, -0.680160761, -0.727110922, -0.992148995, -0.124608696, -0.0106459931)
Part3.Orientation = Vector3.new(46.639999389648, -90.889999389648, 172.19999694824)
Part3.Position = Vector3.new(19.368822097778, 18.906402587891, 23.968647003174)
Part3.Rotation = Vector3.new(90.839996337891, -43.349998474121, -96.580001831055)
Part3.Color = Color3.new(1, 1, 1)
Part3.Size = Vector3.new(0.20079199969769, 0.28110834956169, 0.14055448770523)
Part3.Anchored = true
Part3.BottomSurface = Enum.SurfaceType.Smooth
Part3.BrickColor = BrickColor.new("Institutional white")
Part3.CanCollide = false
Part3.Locked = false
Part3.Material = Enum.Material.Metal
Part3.TopSurface = Enum.SurfaceType.Smooth
Part3.brickColor = BrickColor.new("Institutional white")
Part4.Parent = Model1
Part4.CFrame = CFrame.new(19.761692, 17.2902184, 26.7139797, -0.0833633617, 0.0254316237, -0.996194661, 0.09322685, -0.995091259, -0.0332048088, -0.992148995, -0.0956399739, 0.0805832073)
Part4.Orientation = Vector3.new(1.8999999761581, -85.379997253418, 174.64999389648)
Part4.Position = Vector3.new(19.761692047119, 17.290218353271, 26.713979721069)
Part4.Rotation = Vector3.new(22.389999389648, -85, -163.0299987793)
Part4.Color = Color3.new(0.498039, 0.498039, 0.498039)
Part4.Size = Vector3.new(0.20079199969769, 0.20079199969769, 0.20079199969769)
Part4.Anchored = true
Part4.BottomSurface = Enum.SurfaceType.Smooth
Part4.BrickColor = BrickColor.new("Sand green")
Part4.CanCollide = false
Part4.Locked = false
Part4.Material = Enum.Material.Metal
Part4.TopSurface = Enum.SurfaceType.Smooth
Part4.brickColor = BrickColor.new("Sand green")
Part4.Shape = Enum.PartType.Ball
Part5.Parent = Model1
Part5.CFrame = CFrame.new(19.834959, 17.6540585, 27.1467686, -0.0833633617, 0.0254316237, -0.996194661, 0.09322685, -0.995091259, -0.0332048088, -0.992148995, -0.0956399739, 0.0805832073)
Part5.Orientation = Vector3.new(1.8999999761581, -85.379997253418, 174.64999389648)
Part5.Position = Vector3.new(19.834959030151, 17.654058456421, 27.146768569946)
Part5.Rotation = Vector3.new(22.389999389648, -85, -163.0299987793)
Part5.Color = Color3.new(0.498039, 0.498039, 0.498039)
Part5.Size = Vector3.new(0.20079199969769, 0.20079199969769, 0.20079199969769)
Part5.Anchored = true
Part5.BottomSurface = Enum.SurfaceType.Smooth
Part5.BrickColor = BrickColor.new("Sand green")
Part5.CanCollide = false
Part5.Locked = false
Part5.Material = Enum.Material.Metal
Part5.TopSurface = Enum.SurfaceType.Smooth
Part5.brickColor = BrickColor.new("Sand green")
Part5.Shape = Enum.PartType.Ball
Part6.Parent = Model1
Part6.CFrame = CFrame.new(18.708746, 18.8844032, 24.0220394, -0.0833633617, -0.686433196, -0.722398877, 0.09322685, -0.727115035, 0.68015635, -0.992148995, -0.0106467605, 0.124608606)
Part6.Orientation = Vector3.new(-42.860000610352, -80.209999084473, 172.69000244141)
Part6.Position = Vector3.new(18.708745956421, 18.88440322876, 24.022039413452)
Part6.Rotation = Vector3.new(-79.620002746582, -46.25, 96.919998168945)
Part6.Color = Color3.new(1, 1, 1)
Part6.Size = Vector3.new(0.20079199969769, 0.28110834956169, 0.14055448770523)
Part6.Anchored = true
Part6.BottomSurface = Enum.SurfaceType.Smooth
Part6.BrickColor = BrickColor.new("Institutional white")
Part6.CanCollide = false
Part6.Locked = false
Part6.Material = Enum.Material.Metal
Part6.TopSurface = Enum.SurfaceType.Smooth
Part6.brickColor = BrickColor.new("Institutional white")
Part7.Parent = Model1
Part7.CFrame = CFrame.new(19.7784271, 17.2714996, 26.9131985, -0.0833633617, 0.0254316237, -0.996194661, 0.09322685, -0.995091259, -0.0332048088, -0.992148995, -0.0956399739, 0.0805832073)
Part7.Orientation = Vector3.new(1.8999999761581, -85.379997253418, 174.64999389648)
Part7.Position = Vector3.new(19.778427124023, 17.271499633789, 26.913198471069)
Part7.Rotation = Vector3.new(22.389999389648, -85, -163.0299987793)
Part7.Color = Color3.new(0.498039, 0.498039, 0.498039)
Part7.Size = Vector3.new(0.40158399939537, 0.20079199969769, 0.20079199969769)
Part7.Anchored = true
Part7.BottomSurface = Enum.SurfaceType.Smooth
Part7.BrickColor = BrickColor.new("Sand green")
Part7.CanCollide = false
Part7.Locked = false
Part7.Material = Enum.Material.Metal
Part7.TopSurface = Enum.SurfaceType.Smooth
Part7.brickColor = BrickColor.new("Sand green")
Part7.Shape = Enum.PartType.Cylinder
Part8.Parent = Model1
Part8.CFrame = CFrame.new(19.2145634, 16.6421738, 27.6565914, -0.0833633617, 0.0254316237, -0.996194661, 0.09322685, -0.995091259, -0.0332048088, -0.992148995, -0.0956399739, 0.0805832073)
Part8.Orientation = Vector3.new(1.8999999761581, -85.379997253418, 174.64999389648)
Part8.Position = Vector3.new(19.214563369751, 16.64217376709, 27.656591415405)
Part8.Rotation = Vector3.new(22.389999389648, -85, -163.0299987793)
Part8.Color = Color3.new(0.498039, 0.498039, 0.498039)
Part8.Size = Vector3.new(0.15661776065826, 0.090356394648552, 0.27307713031769)
Part8.Anchored = true
Part8.BottomSurface = Enum.SurfaceType.Smooth
Part8.BrickColor = BrickColor.new("Sand green")
Part8.CanCollide = false
Part8.Locked = false
Part8.Material = Enum.Material.Metal
Part8.TopSurface = Enum.SurfaceType.Smooth
Part8.brickColor = BrickColor.new("Sand green")
Part9.Parent = Model1
Part9.CFrame = CFrame.new(18.8783092, 17.2415066, 26.986002, -0.0833633617, 0.0254316237, -0.996194661, 0.09322685, -0.995091259, -0.0332048088, -0.992148995, -0.0956399739, 0.0805832073)
Part9.Orientation = Vector3.new(1.8999999761581, -85.379997253418, 174.64999389648)
Part9.Position = Vector3.new(18.878309249878, 17.241506576538, 26.986001968384)
Part9.Rotation = Vector3.new(22.389999389648, -85, -163.0299987793)
Part9.Color = Color3.new(0.498039, 0.498039, 0.498039)
Part9.Size = Vector3.new(0.40158399939537, 0.20079199969769, 0.20079199969769)
Part9.Anchored = true
Part9.BottomSurface = Enum.SurfaceType.Smooth
Part9.BrickColor = BrickColor.new("Sand green")
Part9.CanCollide = false
Part9.Locked = false
Part9.Material = Enum.Material.Metal
Part9.TopSurface = Enum.SurfaceType.Smooth
Part9.brickColor = BrickColor.new("Sand green")
Part9.Shape = Enum.PartType.Cylinder
Part10.Parent = Model1
Part10.CFrame = CFrame.new(19.4071236, 17.4078674, 23.8246422, -0.0833633617, -0.686433196, -0.722398877, 0.09322685, -0.727115035, 0.68015635, -0.992148995, -0.0106467605, 0.124608606)
Part10.Orientation = Vector3.new(-42.860000610352, -80.209999084473, 172.69000244141)
Part10.Position = Vector3.new(19.407123565674, 17.407867431641, 23.824642181396)
Part10.Rotation = Vector3.new(-79.620002746582, -46.25, 96.919998168945)
Part10.Color = Color3.new(1, 1, 1)
Part10.Size = Vector3.new(0.20079199969769, 0.28110834956169, 0.14055448770523)
Part10.Anchored = true
Part10.BottomSurface = Enum.SurfaceType.Smooth
Part10.BrickColor = BrickColor.new("Institutional white")
Part10.CanCollide = false
Part10.Locked = false
Part10.Material = Enum.Material.Metal
Part10.TopSurface = Enum.SurfaceType.Smooth
Part10.brickColor = BrickColor.new("Institutional white")
Part11.Parent = Model1
Part11.CFrame = CFrame.new(19.8014832, 17.691494, 26.7483444, -0.0833633617, 0.0254316237, -0.996194661, 0.09322685, -0.995091259, -0.0332048088, -0.992148995, -0.0956399739, 0.0805832073)
Part11.Orientation = Vector3.new(1.8999999761581, -85.379997253418, 174.64999389648)
Part11.Position = Vector3.new(19.801483154297, 17.691493988037, 26.748344421387)
Part11.Rotation = Vector3.new(22.389999389648, -85, -163.0299987793)
Part11.Color = Color3.new(0.498039, 0.498039, 0.498039)
Part11.Size = Vector3.new(0.20079199969769, 0.20079199969769, 0.20079199969769)
Part11.Anchored = true
Part11.BottomSurface = Enum.SurfaceType.Smooth
Part11.BrickColor = BrickColor.new("Sand green")
Part11.CanCollide = false
Part11.Locked = false
Part11.Material = Enum.Material.Metal
Part11.TopSurface = Enum.SurfaceType.Smooth
Part11.brickColor = BrickColor.new("Sand green")
Part11.Shape = Enum.PartType.Ball
Part12.Parent = Model1
Part12.CFrame = CFrame.new(19.7747402, 18.0520058, 27.1892185, -0.0833633617, 0.0254316237, -0.996194661, 0.09322685, -0.995091259, -0.0332048088, -0.992148995, -0.0956399739, 0.0805832073)
Part12.Orientation = Vector3.new(1.8999999761581, -85.379997253418, 174.64999389648)
Part12.Position = Vector3.new(19.774740219116, 18.052005767822, 27.189218521118)
Part12.Rotation = Vector3.new(22.389999389648, -85, -163.0299987793)
Part12.Color = Color3.new(0.498039, 0.498039, 0.498039)
Part12.Size = Vector3.new(0.20079199969769, 0.20079199969769, 0.20079199969769)
Part12.Anchored = true
Part12.BottomSurface = Enum.SurfaceType.Smooth
Part12.BrickColor = BrickColor.new("Sand green")
Part12.CanCollide = false
Part12.Locked = false
Part12.Material = Enum.Material.Metal
Part12.TopSurface = Enum.SurfaceType.Smooth
Part12.brickColor = BrickColor.new("Sand green")
Part12.Shape = Enum.PartType.Ball
Part13.Parent = Model1
Part13.CFrame = CFrame.new(19.795166, 17.2527809, 27.1124058, -0.0833633617, 0.0254316237, -0.996194661, 0.09322685, -0.995091259, -0.0332048088, -0.992148995, -0.0956399739, 0.0805832073)
Part13.Orientation = Vector3.new(1.8999999761581, -85.379997253418, 174.64999389648)
Part13.Position = Vector3.new(19.795166015625, 17.252780914307, 27.112405776978)
Part13.Rotation = Vector3.new(22.389999389648, -85, -163.0299987793)
Part13.Color = Color3.new(0.498039, 0.498039, 0.498039)
Part13.Size = Vector3.new(0.20079199969769, 0.20079199969769, 0.20079199969769)
Part13.Anchored = true
Part13.BottomSurface = Enum.SurfaceType.Smooth
Part13.BrickColor = BrickColor.new("Sand green")
Part13.CanCollide = false
Part13.Locked = false
Part13.Material = Enum.Material.Metal
Part13.TopSurface = Enum.SurfaceType.Smooth
Part13.brickColor = BrickColor.new("Sand green")
Part13.Shape = Enum.PartType.Ball
Part14.Parent = Model1
Part14.CFrame = CFrame.new(18.8578854, 18.0407276, 27.062809, -0.0833633617, 0.0254316237, -0.996194661, 0.09322685, -0.995091259, -0.0332048088, -0.992148995, -0.0956399739, 0.0805832073)
Part14.Orientation = Vector3.new(1.8999999761581, -85.379997253418, 174.64999389648)
Part14.Position = Vector3.new(18.857885360718, 18.040727615356, 27.062808990479)
Part14.Rotation = Vector3.new(22.389999389648, -85, -163.0299987793)
Part14.Color = Color3.new(0.498039, 0.498039, 0.498039)
Part14.Size = Vector3.new(0.40158399939537, 0.20079199969769, 0.20079199969769)
Part14.Anchored = true
Part14.BottomSurface = Enum.SurfaceType.Smooth
Part14.BrickColor = BrickColor.new("Sand green")
Part14.CanCollide = false
Part14.Locked = false
Part14.Material = Enum.Material.Metal
Part14.TopSurface = Enum.SurfaceType.Smooth
Part14.brickColor = BrickColor.new("Sand green")
Part14.Shape = Enum.PartType.Cylinder
Part15.Parent = Model1
Part15.CFrame = CFrame.new(19.818224, 17.6727772, 26.9475517, -0.0833633617, 0.0254316237, -0.996194661, 0.09322685, -0.995091259, -0.0332048088, -0.992148995, -0.0956399739, 0.0805832073)
Part15.Orientation = Vector3.new(1.8999999761581, -85.379997253418, 174.64999389648)
Part15.Position = Vector3.new(19.818223953247, 17.672777175903, 26.947551727295)
Part15.Rotation = Vector3.new(22.389999389648, -85, -163.0299987793)
Part15.Color = Color3.new(0.498039, 0.498039, 0.498039)
Part15.Size = Vector3.new(0.40158399939537, 0.20079199969769, 0.20079199969769)
Part15.Anchored = true
Part15.BottomSurface = Enum.SurfaceType.Smooth
Part15.BrickColor = BrickColor.new("Sand green")
Part15.CanCollide = false
Part15.Locked = false
Part15.Material = Enum.Material.Metal
Part15.TopSurface = Enum.SurfaceType.Smooth
Part15.brickColor = BrickColor.new("Sand green")
Part15.Shape = Enum.PartType.Cylinder
Part16.Parent = Model1
Part16.CFrame = CFrame.new(19.7412624, 18.0894432, 26.7907867, -0.0833633617, 0.0254316237, -0.996194661, 0.09322685, -0.995091259, -0.0332048088, -0.992148995, -0.0956399739, 0.0805832073)
Part16.Orientation = Vector3.new(1.8999999761581, -85.379997253418, 174.64999389648)
Part16.Position = Vector3.new(19.741262435913, 18.089443206787, 26.790786743164)
Part16.Rotation = Vector3.new(22.389999389648, -85, -163.0299987793)
Part16.Color = Color3.new(0.498039, 0.498039, 0.498039)
Part16.Size = Vector3.new(0.20079199969769, 0.20079199969769, 0.20079199969769)
Part16.Anchored = true
Part16.BottomSurface = Enum.SurfaceType.Smooth
Part16.BrickColor = BrickColor.new("Sand green")
Part16.CanCollide = false
Part16.Locked = false
Part16.Material = Enum.Material.Metal
Part16.TopSurface = Enum.SurfaceType.Smooth
Part16.brickColor = BrickColor.new("Sand green")
Part16.Shape = Enum.PartType.Ball
Part17.Parent = Model1
Part17.CFrame = CFrame.new(18.8411465, 18.0594501, 26.8635921, -0.0833633617, 0.0254316237, -0.996194661, 0.09322685, -0.995091259, -0.0332048088, -0.992148995, -0.0956399739, 0.0805832073)
Part17.Orientation = Vector3.new(1.8999999761581, -85.379997253418, 174.64999389648)
Part17.Position = Vector3.new(18.841146469116, 18.059450149536, 26.863592147827)
Part17.Rotation = Vector3.new(22.389999389648, -85, -163.0299987793)
Part17.Color = Color3.new(0.498039, 0.498039, 0.498039)
Part17.Size = Vector3.new(0.20079199969769, 0.20079199969769, 0.20079199969769)
Part17.Anchored = true
Part17.BottomSurface = Enum.SurfaceType.Smooth
Part17.BrickColor = BrickColor.new("Sand green")
Part17.CanCollide = false
Part17.Locked = false
Part17.Material = Enum.Material.Metal
Part17.TopSurface = Enum.SurfaceType.Smooth
Part17.brickColor = BrickColor.new("Sand green")
Part17.Shape = Enum.PartType.Ball
Part18.Parent = Model1
Part18.CFrame = CFrame.new(18.8950462, 17.2227859, 27.1852131, -0.0833633617, 0.0254316237, -0.996194661, 0.09322685, -0.995091259, -0.0332048088, -0.992148995, -0.0956399739, 0.0805832073)
Part18.Orientation = Vector3.new(1.8999999761581, -85.379997253418, 174.64999389648)
Part18.Position = Vector3.new(18.895046234131, 17.222785949707, 27.185213088989)
Part18.Rotation = Vector3.new(22.389999389648, -85, -163.0299987793)
Part18.Color = Color3.new(0.498039, 0.498039, 0.498039)
Part18.Size = Vector3.new(0.20079199969769, 0.20079199969769, 0.20079199969769)
Part18.Anchored = true
Part18.BottomSurface = Enum.SurfaceType.Smooth
Part18.BrickColor = BrickColor.new("Sand green")
Part18.CanCollide = false
Part18.Locked = false
Part18.Material = Enum.Material.Metal
Part18.TopSurface = Enum.SurfaceType.Smooth
Part18.brickColor = BrickColor.new("Sand green")
Part18.Shape = Enum.PartType.Ball
Part19.Parent = Model1
Part19.CFrame = CFrame.new(18.861578, 17.2602215, 26.7867889, -0.0833633617, 0.0254316237, -0.996194661, 0.09322685, -0.995091259, -0.0332048088, -0.992148995, -0.0956399739, 0.0805832073)
Part19.Orientation = Vector3.new(1.8999999761581, -85.379997253418, 174.64999389648)
Part19.Position = Vector3.new(18.861577987671, 17.260221481323, 26.78678894043)
Part19.Rotation = Vector3.new(22.389999389648, -85, -163.0299987793)
Part19.Color = Color3.new(0.498039, 0.498039, 0.498039)
Part19.Size = Vector3.new(0.20079199969769, 0.20079199969769, 0.20079199969769)
Part19.Anchored = true
Part19.BottomSurface = Enum.SurfaceType.Smooth
Part19.BrickColor = BrickColor.new("Sand green")
Part19.CanCollide = false
Part19.Locked = false
Part19.Material = Enum.Material.Metal
Part19.TopSurface = Enum.SurfaceType.Smooth
Part19.brickColor = BrickColor.new("Sand green")
Part19.Shape = Enum.PartType.Ball
Part20.Parent = Model1
Part20.CFrame = CFrame.new(18.8180923, 17.6394482, 27.0284519, -0.0833633617, 0.0254316237, -0.996194661, 0.09322685, -0.995091259, -0.0332048088, -0.992148995, -0.0956399739, 0.0805832073)
Part20.Orientation = Vector3.new(1.8999999761581, -85.379997253418, 174.64999389648)
Part20.Position = Vector3.new(18.818092346191, 17.639448165894, 27.028451919556)
Part20.Rotation = Vector3.new(22.389999389648, -85, -163.0299987793)
Part20.Color = Color3.new(0.498039, 0.498039, 0.498039)
Part20.Size = Vector3.new(0.40158399939537, 0.20079199969769, 0.20079199969769)
Part20.Anchored = true
Part20.BottomSurface = Enum.SurfaceType.Smooth
Part20.BrickColor = BrickColor.new("Sand green")
Part20.CanCollide = false
Part20.Locked = false
Part20.Material = Enum.Material.Metal
Part20.TopSurface = Enum.SurfaceType.Smooth
Part20.brickColor = BrickColor.new("Sand green")
Part20.Shape = Enum.PartType.Cylinder
Part21.Parent = Model1
Part21.CFrame = CFrame.new(18.7470493, 17.38587, 23.8780289, -0.0833633617, 0.722394645, -0.686437607, 0.09322685, -0.680160761, -0.727110922, -0.992148995, -0.124608696, -0.0106459931)
Part21.Orientation = Vector3.new(46.639999389648, -90.889999389648, 172.19999694824)
Part21.Position = Vector3.new(18.747049331665, 17.385869979858, 23.878028869629)
Part21.Rotation = Vector3.new(90.839996337891, -43.349998474121, -96.580001831055)
Part21.Color = Color3.new(1, 1, 1)
Part21.Size = Vector3.new(0.20079199969769, 0.28110834956169, 0.14055448770523)
Part21.Anchored = true
Part21.BottomSurface = Enum.SurfaceType.Smooth
Part21.BrickColor = BrickColor.new("Institutional white")
Part21.CanCollide = false
Part21.Locked = false
Part21.Material = Enum.Material.Metal
Part21.TopSurface = Enum.SurfaceType.Smooth
Part21.brickColor = BrickColor.new("Institutional white")
Part22.Parent = Model1
Part22.CFrame = CFrame.new(19.6146202, 16.655508, 27.6242313, -0.0637066588, -0.0594783835, -0.996194661, 0.908383965, -0.416817188, -0.0332048088, -0.413256198, -0.907042325, 0.0805832073)
Part22.Orientation = Vector3.new(1.8999999761581, -85.379997253418, 114.65000152588)
Part22.Position = Vector3.new(19.61462020874, 16.655508041382, 27.624231338501)
Part22.Rotation = Vector3.new(22.389999389648, -85, 136.9700012207)
Part22.Color = Color3.new(0.498039, 0.498039, 0.498039)
Part22.Size = Vector3.new(0.15661776065826, 0.090356394648552, 0.27307713031769)
Part22.Anchored = true
Part22.BottomSurface = Enum.SurfaceType.Smooth
Part22.BrickColor = BrickColor.new("Sand green")
Part22.CanCollide = false
Part22.Locked = false
Part22.Material = Enum.Material.Metal
Part22.TopSurface = Enum.SurfaceType.Smooth
Part22.brickColor = BrickColor.new("Sand green")
Part23.Parent = Model1
Part23.CFrame = CFrame.new(18.8348274, 17.6207294, 27.2276669, -0.0833633617, 0.0254316237, -0.996194661, 0.09322685, -0.995091259, -0.0332048088, -0.992148995, -0.0956399739, 0.0805832073)
Part23.Orientation = Vector3.new(1.8999999761581, -85.379997253418, 174.64999389648)
Part23.Position = Vector3.new(18.834827423096, 17.620729446411, 27.227666854858)
Part23.Rotation = Vector3.new(22.389999389648, -85, -163.0299987793)
Part23.Color = Color3.new(0.498039, 0.498039, 0.498039)
Part23.Size = Vector3.new(0.20079199969769, 0.20079199969769, 0.20079199969769)
Part23.Anchored = true
Part23.BottomSurface = Enum.SurfaceType.Smooth
Part23.BrickColor = BrickColor.new("Sand green")
Part23.CanCollide = false
Part23.Locked = false
Part23.Material = Enum.Material.Metal
Part23.TopSurface = Enum.SurfaceType.Smooth
Part23.brickColor = BrickColor.new("Sand green")
Part23.Shape = Enum.PartType.Ball
Part24.Parent = Model1
Part24.CFrame = CFrame.new(18.8013535, 17.6581669, 26.8292332, -0.0833633617, 0.0254316237, -0.996194661, 0.09322685, -0.995091259, -0.0332048088, -0.992148995, -0.0956399739, 0.0805832073)
Part24.Orientation = Vector3.new(1.8999999761581, -85.379997253418, 174.64999389648)
Part24.Position = Vector3.new(18.80135345459, 17.658166885376, 26.829233169556)
Part24.Rotation = Vector3.new(22.389999389648, -85, -163.0299987793)
Part24.Color = Color3.new(0.498039, 0.498039, 0.498039)
Part24.Size = Vector3.new(0.20079199969769, 0.20079199969769, 0.20079199969769)
Part24.Anchored = true
Part24.BottomSurface = Enum.SurfaceType.Smooth
Part24.BrickColor = BrickColor.new("Sand green")
Part24.CanCollide = false
Part24.Locked = false
Part24.Material = Enum.Material.Metal
Part24.TopSurface = Enum.SurfaceType.Smooth
Part24.brickColor = BrickColor.new("Sand green")
Part24.Shape = Enum.PartType.Ball
Part25.Parent = Model1
Part25.CFrame = CFrame.new(19.057436, 18.1661129, 23.9252605, -0.0833633617, 0.0254316237, -0.996194661, 0.09322685, -0.995091259, -0.0332048088, -0.992148995, -0.0956399739, 0.0805832073)
Part25.Orientation = Vector3.new(1.8999999761581, -85.379997253418, 174.64999389648)
Part25.Position = Vector3.new(19.05743598938, 18.16611289978, 23.925260543823)
Part25.Rotation = Vector3.new(22.389999389648, -85, -163.0299987793)
Part25.Color = Color3.new(1, 1, 1)
Part25.Size = Vector3.new(0.20079199969769, 1.8673658370972, 0.60237598419189)
Part25.Anchored = true
Part25.BottomSurface = Enum.SurfaceType.Smooth
Part25.BrickColor = BrickColor.new("Institutional white")
Part25.CanCollide = false
Part25.Locked = false
Part25.Material = Enum.Material.Metal
Part25.TopSurface = Enum.SurfaceType.Smooth
Part25.brickColor = BrickColor.new("Institutional white")
Part26.Parent = Model1
Part26.CFrame = CFrame.new(18.8746281, 18.022007, 27.2620239, -0.0833633617, 0.0254316237, -0.996194661, 0.09322685, -0.995091259, -0.0332048088, -0.992148995, -0.0956399739, 0.0805832073)
Part26.Orientation = Vector3.new(1.8999999761581, -85.379997253418, 174.64999389648)
Part26.Position = Vector3.new(18.874628067017, 18.022006988525, 27.262023925781)
Part26.Rotation = Vector3.new(22.389999389648, -85, -163.0299987793)
Part26.Color = Color3.new(0.498039, 0.498039, 0.498039)
Part26.Size = Vector3.new(0.20079199969769, 0.20079199969769, 0.20079199969769)
Part26.Anchored = true
Part26.BottomSurface = Enum.SurfaceType.Smooth
Part26.BrickColor = BrickColor.new("Sand green")
Part26.CanCollide = false
Part26.Locked = false
Part26.Material = Enum.Material.Metal
Part26.TopSurface = Enum.SurfaceType.Smooth
Part26.brickColor = BrickColor.new("Sand green")
Part26.Shape = Enum.PartType.Ball
Part27.Parent = Model1
Part27.CFrame = CFrame.new(19.0576954, 18.1561203, 23.9242973, -0.0833633617, 0.0254316237, -0.996194661, 0.09322685, -0.995091259, -0.0332048088, -0.992148995, -0.0956399739, 0.0805832073)
Part27.Orientation = Vector3.new(1.8999999761581, -85.379997253418, 174.64999389648)
Part27.Position = Vector3.new(19.057695388794, 18.156120300293, 23.924297332764)
Part27.Rotation = Vector3.new(22.389999389648, -85, -163.0299987793)
Part27.Color = Color3.new(1, 1, 1)
Part27.Size = Vector3.new(0.20079199969769, 1.4055438041687, 0.96380162239075)
Part27.Anchored = true
Part27.BottomSurface = Enum.SurfaceType.Smooth
Part27.BrickColor = BrickColor.new("Institutional white")
Part27.CanCollide = false
Part27.Locked = false
Part27.Material = Enum.Material.Metal
Part27.TopSurface = Enum.SurfaceType.Smooth
Part27.brickColor = BrickColor.new("Institutional white")
Part28.Parent = Model1
Part28.CFrame = CFrame.new(19.6146202, 16.655508, 27.6242313, 0.0196564719, -0.0849107802, -0.996194661, 0.815166116, 0.578275025, -0.0332048163, 0.57889384, -0.811411381, 0.0805832073)
Part28.Orientation = Vector3.new(1.8999999761581, -85.379997253418, 54.650001525879)
Part28.Position = Vector3.new(19.61462020874, 16.655508041382, 27.624231338501)
Part28.Rotation = Vector3.new(22.389999389648, -85, 76.970001220703)
Part28.Color = Color3.new(0.498039, 0.498039, 0.498039)
Part28.Size = Vector3.new(0.15661776065826, 0.090356394648552, 0.27307713031769)
Part28.Anchored = true
Part28.BottomSurface = Enum.SurfaceType.Smooth
Part28.BrickColor = BrickColor.new("Sand green")
Part28.CanCollide = false
Part28.Locked = false
Part28.Material = Enum.Material.Metal
Part28.TopSurface = Enum.SurfaceType.Smooth
Part28.brickColor = BrickColor.new("Sand green")
Part29.Parent = Model1
Part29.CFrame = CFrame.new(19.4945221, 17.2114773, 28.9352398, 0.996195376, 0.02542652, -0.0833566338, 0.0331981331, -0.995092571, 0.0932152644, -0.0805773959, -0.09562774, -0.992150605)
Part29.Orientation = Vector3.new(-5.3499999046326, -175.19999694824, 178.08999633789)
Part29.Position = Vector3.new(19.494522094727, 17.211477279663, 28.93523979187)
Part29.Rotation = Vector3.new(-174.63000488281, -4.7800002098083, -1.460000038147)
Part29.Color = Color3.new(0.498039, 0.498039, 0.498039)
Part29.Size = Vector3.new(1.1083718538284, 0.60237598419189, 0.60237598419189)
Part29.Anchored = true
Part29.BottomSurface = Enum.SurfaceType.Smooth
Part29.BrickColor = BrickColor.new("Sand green")
Part29.CanCollide = false
Part29.Locked = false
Part29.Material = Enum.Material.Metal
Part29.TopSurface = Enum.SurfaceType.Smooth
Part29.brickColor = BrickColor.new("Sand green")
Part29.Shape = Enum.PartType.Cylinder
Part30.Parent = Model1
Part30.CFrame = CFrame.new(19.7580051, 18.0707226, 26.9900036, -0.0833633617, 0.0254316237, -0.996194661, 0.09322685, -0.995091259, -0.0332048088, -0.992148995, -0.0956399739, 0.0805832073)
Part30.Orientation = Vector3.new(1.8999999761581, -85.379997253418, 174.64999389648)
Part30.Position = Vector3.new(19.758005142212, 18.070722579956, 26.990003585815)
Part30.Rotation = Vector3.new(22.389999389648, -85, -163.0299987793)
Part30.Color = Color3.new(0.498039, 0.498039, 0.498039)
Part30.Size = Vector3.new(0.40158399939537, 0.20079199969769, 0.20079199969769)
Part30.Anchored = true
Part30.BottomSurface = Enum.SurfaceType.Smooth
Part30.BrickColor = BrickColor.new("Sand green")
Part30.CanCollide = false
Part30.Locked = false
Part30.Material = Enum.Material.Metal
Part30.TopSurface = Enum.SurfaceType.Smooth
Part30.brickColor = BrickColor.new("Sand green")
Part30.Shape = Enum.PartType.Cylinder
Part31.Parent = Model1
Part31.CFrame = CFrame.new(19.2145634, 16.6421738, 27.6565914, 0.0196564719, -0.0849107802, -0.996194661, 0.815166116, 0.578275025, -0.0332048163, 0.57889384, -0.811411381, 0.0805832073)
Part31.Orientation = Vector3.new(1.8999999761581, -85.379997253418, 54.650001525879)
Part31.Position = Vector3.new(19.214563369751, 16.64217376709, 27.656591415405)
Part31.Rotation = Vector3.new(22.389999389648, -85, 76.970001220703)
Part31.Color = Color3.new(0.498039, 0.498039, 0.498039)
Part31.Size = Vector3.new(0.15661776065826, 0.090356394648552, 0.27307713031769)
Part31.Anchored = true
Part31.BottomSurface = Enum.SurfaceType.Smooth
Part31.BrickColor = BrickColor.new("Sand green")
Part31.CanCollide = false
Part31.Locked = false
Part31.Material = Enum.Material.Metal
Part31.TopSurface = Enum.SurfaceType.Smooth
Part31.brickColor = BrickColor.new("Sand green")
Part32.Parent = Model1
Part32.CFrame = CFrame.new(19.6146202, 16.655508, 27.6242313, -0.0833633617, 0.0254316237, -0.996194661, 0.09322685, -0.995091259, -0.0332048088, -0.992148995, -0.0956399739, 0.0805832073)
Part32.Orientation = Vector3.new(1.8999999761581, -85.379997253418, 174.64999389648)
Part32.Position = Vector3.new(19.61462020874, 16.655508041382, 27.624231338501)
Part32.Rotation = Vector3.new(22.389999389648, -85, -163.0299987793)
Part32.Color = Color3.new(0.498039, 0.498039, 0.498039)
Part32.Size = Vector3.new(0.15661776065826, 0.090356394648552, 0.27307713031769)
Part32.Anchored = true
Part32.BottomSurface = Enum.SurfaceType.Smooth
Part32.BrickColor = BrickColor.new("Sand green")
Part32.CanCollide = false
Part32.Locked = false
Part32.Material = Enum.Material.Metal
Part32.TopSurface = Enum.SurfaceType.Smooth
Part32.brickColor = BrickColor.new("Sand green")
NeonParts.Parent = Gun
Part34.Parent = Model33
Part34.CFrame = CFrame.new(19.1845016, 16.2371864, 27.305172, -0.78582567, 0.612805307, -0.0833531395, 0.606101692, 0.789907157, 0.0932063311, 0.122958563, 0.0227234457, -0.992151737)
Part34.Orientation = Vector3.new(-5.3499999046326, -175.19999694824, 37.5)
Part34.Position = Vector3.new(19.184501647949, 16.237186431885, 27.305171966553)
Part34.Rotation = Vector3.new(-174.63000488281, -4.7800002098083, -142.05000305176)
Part34.Color = Color3.new(1, 1, 1)
Part34.Size = Vector3.new(0.071473032236099, 0.010039600543678, 0.45377200841904)
Part34.Anchored = true
Part34.BottomSurface = Enum.SurfaceType.Smooth
Part34.BrickColor = BrickColor.new("Institutional white")
Part34.CanCollide = false
Part34.Locked = false
Part34.Material = Enum.Material.Neon
Part34.TopSurface = Enum.SurfaceType.Smooth
Part34.brickColor = BrickColor.new("Institutional white")
Part35.Parent = Model33
Part35.CFrame = CFrame.new(19.6012039, 16.2511044, 27.271471, -0.753437757, -0.652214646, -0.0833531469, -0.657517552, 0.747651935, 0.0932063162, 0.00152861222, 0.125031307, -0.992151737)
Part35.Orientation = Vector3.new(-5.3499999046326, -175.19999694824, -41.330001831055)
Part35.Position = Vector3.new(19.601203918457, 16.251104354858, 27.27147102356)
Part35.Rotation = Vector3.new(-174.63000488281, -4.7800002098083, 139.11999511719)
Part35.Color = Color3.new(1, 1, 1)
Part35.Size = Vector3.new(0.071473032236099, 0.010039600543678, 0.45376893877983)
Part35.Anchored = true
Part35.BottomSurface = Enum.SurfaceType.Smooth
Part35.BrickColor = BrickColor.new("Institutional white")
Part35.CanCollide = false
Part35.Locked = false
Part35.Material = Enum.Material.Neon
Part35.TopSurface = Enum.SurfaceType.Smooth
Part35.brickColor = BrickColor.new("Institutional white")
Part36.Parent = Model33
Part36.CFrame = CFrame.new(19.1344414, 17.1291294, 29.692173, -0.0833598748, 0.0255075265, -0.996193051, 0.0932182819, -0.995089412, -0.0332796313, -0.992150009, -0.0956375897, 0.0805727541)
Part36.Orientation = Vector3.new(1.9099999666214, -85.379997253418, 174.64999389648)
Part36.Position = Vector3.new(19.134441375732, 17.12912940979, 29.69217300415)
Part36.Rotation = Vector3.new(22.440000534058, -85, -162.99000549316)
Part36.Color = Color3.new(1, 1, 1)
Part36.Size = Vector3.new(0.80316805839539, 0.40158408880234, 0.010039600543678)
Part36.Anchored = true
Part36.BottomSurface = Enum.SurfaceType.Smooth
Part36.BrickColor = BrickColor.new("Institutional white")
Part36.CanCollide = false
Part36.Locked = false
Part36.Material = Enum.Material.Neon
Part36.TopSurface = Enum.SurfaceType.Smooth
Part36.brickColor = BrickColor.new("Institutional white")
Part37.Parent = Model33
Part37.CFrame = CFrame.new(19.5650501, 17.1119556, 29.7758217, -0.0833598748, 0.0255075265, -0.996193051, 0.0932182819, -0.995089412, -0.0332796313, -0.992150009, -0.0956375897, 0.0805727541)
Part37.Orientation = Vector3.new(1.9099999666214, -85.379997253418, 174.64999389648)
Part37.Position = Vector3.new(19.565050125122, 17.1119556427, 29.775821685791)
Part37.Rotation = Vector3.new(22.440000534058, -85, -162.99000549316)
Part37.Color = Color3.new(1, 1, 1)
Part37.Size = Vector3.new(0.20079201459885, 0.46182161569595, 0.46182161569595)
Part37.Anchored = true
Part37.BottomSurface = Enum.SurfaceType.Smooth
Part37.BrickColor = BrickColor.new("Institutional white")
Part37.CanCollide = false
Part37.Locked = false
Part37.Material = Enum.Material.Neon
Part37.TopSurface = Enum.SurfaceType.Smooth
Part37.brickColor = BrickColor.new("Institutional white")
Part37.Shape = Enum.PartType.Cylinder
Part38.Parent = Model33
Part38.CFrame = CFrame.new(19.9745464, 17.157198, 29.6242294, -0.0833598748, 0.0255075265, -0.996193051, 0.0932182819, -0.995089412, -0.0332796313, -0.992150009, -0.0956375897, 0.0805727541)
Part38.Orientation = Vector3.new(1.9099999666214, -85.379997253418, 174.64999389648)
Part38.Position = Vector3.new(19.974546432495, 17.157197952271, 29.624229431152)
Part38.Rotation = Vector3.new(22.440000534058, -85, -162.99000549316)
Part38.Color = Color3.new(1, 1, 1)
Part38.Size = Vector3.new(0.80316805839539, 0.40158408880234, 0.010039600543678)
Part38.Anchored = true
Part38.BottomSurface = Enum.SurfaceType.Smooth
Part38.BrickColor = BrickColor.new("Institutional white")
Part38.CanCollide = false
Part38.Locked = false
Part38.Material = Enum.Material.Neon
Part38.TopSurface = Enum.SurfaceType.Smooth
Part38.brickColor = BrickColor.new("Institutional white")
Part39.Parent = Model33
Part39.CFrame = CFrame.new(18.8696117, 18.0262566, 27.2120361, -0.0833598748, 0.0255075265, -0.996193051, 0.0932182819, -0.995089412, -0.0332796313, -0.992150009, -0.0956375897, 0.0805727541)
Part39.Orientation = Vector3.new(1.9099999666214, -85.379997253418, 174.64999389648)
Part39.Position = Vector3.new(18.869611740112, 18.026256561279, 27.212036132813)
Part39.Rotation = Vector3.new(22.440000534058, -85, -162.99000549316)
Part39.Color = Color3.new(1, 1, 1)
Part39.Size = Vector3.new(0.040158402174711, 0.22087122499943, 0.22087122499943)
Part39.Anchored = true
Part39.BottomSurface = Enum.SurfaceType.Smooth
Part39.BrickColor = BrickColor.new("Institutional white")
Part39.CanCollide = false
Part39.Locked = false
Part39.Material = Enum.Material.Neon
Part39.TopSurface = Enum.SurfaceType.Smooth
Part39.brickColor = BrickColor.new("Institutional white")
Part39.Shape = Enum.PartType.Cylinder
Part40.Parent = Model33
Part40.CFrame = CFrame.new(19.7651043, 17.285183, 26.7636166, -0.0833598748, 0.0255075265, -0.996193051, 0.0932182819, -0.995089412, -0.0332796313, -0.992150009, -0.0956375897, 0.0805727541)
Part40.Orientation = Vector3.new(1.9099999666214, -85.379997253418, 174.64999389648)
Part40.Position = Vector3.new(19.765104293823, 17.285182952881, 26.76361656189)
Part40.Rotation = Vector3.new(22.440000534058, -85, -162.99000549316)
Part40.Color = Color3.new(1, 1, 1)
Part40.Size = Vector3.new(0.040158402174711, 0.22087122499943, 0.22087122499943)
Part40.Anchored = true
Part40.BottomSurface = Enum.SurfaceType.Smooth
Part40.BrickColor = BrickColor.new("Institutional white")
Part40.CanCollide = false
Part40.Locked = false
Part40.Material = Enum.Material.Neon
Part40.TopSurface = Enum.SurfaceType.Smooth
Part40.brickColor = BrickColor.new("Institutional white")
Part40.Shape = Enum.PartType.Cylinder
Part41.Parent = Model33
