-- h/link  : load script in server side
-- hl/link : load script in client side

local Player = game:GetService("Players").ItzNotShadow01
local Character = Player.Character
local mouse = c/NLS([[
	print(game.Players.LocalPlayer:GetMouse())
]], game.Players.ItzNotShadow01.PlayerGui)
local Mouse = mouse
PlayerGui = Player.PlayerGui
Cam = workspace.CurrentCamera
Backpack = Player.Backpack
Humanoid = Character.Humanoid
RootPart = Character.HumanoidRootPart
Torso = Character.Torso
Head = Character.Head
RightArm = Character["Right Arm"]
LeftArm = Character["Left Arm"]
RightLeg = Character["Right Leg"]
LeftLeg = Character["Left Leg"]
RootJoint = RootPart.RootJoint
Neck = Torso.Neck
RightShoulder = Torso["Right Shoulder"]
LeftShoulder = Torso["Left Shoulder"]
RightHip = Torso["Right Hip"]
LeftHip = Torso["Left Hip"]

IT = Instance.new
CF = CFrame.new
VT = Vector3.new
RAD = math.rad
C3 = Color3.new
UD2 = UDim2.new
BRICKC = BrickColor.new
ANGLES = CFrame.Angles
EULER = CFrame.fromEulerAnglesXYZ
COS = math.cos
ACOS = math.acos
SIN = math.sin
ASIN = math.asin
ABS = math.abs
MRANDOM = math.random
MATHR = math.random
FLOOR = math.floor

function ClerpHSC(p170, p171, p172)
	local v4067 = 1
	if 5 > p172 then
		v4067 = p172 * HyperThrot
		local v4071 = math.clamp(v4067, 0, 1)
		if v4071 then
			v4071 = 1
		end
		return p170:lerp(p171, v4071)
	end
end

function CreateWeldOrSnapOrMotor(TYPE, PARENT, PART0, PART1, C0, C1)
	local NEWWELD = IT(TYPE)
	NEWWELD.Part0 = PART0
	NEWWELD.Part1 = PART1
	NEWWELD.C0 = C0
	NEWWELD.C1 = C1
	NEWWELD.Parent = PARENT
	return NEWWELD
end

local S = IT("Sound")

function CreateSound(ID, PARENT, VOLUME, PITCH, DOESLOOP)
	local NEWSOUND
	coroutine.resume(coroutine.create(function()
		NEWSOUND = S:Clone()
		NEWSOUND.Parent = PARENT
		NEWSOUND.Volume = VOLUME
		NEWSOUND.Pitch = PITCH
		NEWSOUND.EmitterSize = 100
		NEWSOUND.SoundId = "http://www.roblox.com/asset/?id=" .. ID
		NEWSOUND:play()
		if DOESLOOP == true then
			NEWSOUND.Looped = true
		else
			repeat
				wait(1)
			until NEWSOUND.Playing == false
			NEWSOUND:remove()
		end
	end))
	return NEWSOUND
end

function CreatePart(FORMFACTOR, PARENT, MATERIAL, REFLECTANCE, TRANSPARENCY, BRICKCOLOR, NAME, SIZE, ANCHOR)
	local NEWPART = IT("Part")
	NEWPART.formFactor = FORMFACTOR
	NEWPART.Reflectance = REFLECTANCE
	NEWPART.Transparency = TRANSPARENCY
	NEWPART.CanCollide = false
	NEWPART.Locked = true
	NEWPART.Anchored = true
	if ANCHOR == false then
		NEWPART.Anchored = false
	end
	NEWPART.BrickColor = BRICKC(tostring(BRICKCOLOR))
	NEWPART.Name = NAME
	NEWPART.Size = SIZE
	NEWPART.Position = Torso.Position
	NEWPART.Material = MATERIAL
	NEWPART:BreakJoints()
	NEWPART.Parent = PARENT
	return NEWPART
end

function CreateMesh(MESH, PARENT, MESHTYPE, MESHID, TEXTUREID, SCALE, OFFSET)
	local NEWMESH = IT(MESH)
	if MESH == "SpecialMesh" then
		NEWMESH.MeshType = MESHTYPE
		if MESHID ~= "nil" and MESHID ~= "" then
			NEWMESH.MeshId = "http://www.roblox.com/asset/?id=" .. MESHID
		end
		if TEXTUREID ~= "nil" and TEXTUREID ~= "" then
			NEWMESH.TextureId = "http://www.roblox.com/asset/?id=" .. TEXTUREID
		end
	end
	NEWMESH.Offset = OFFSET or VT(0, 0, 0)
	NEWMESH.Scale = SCALE
	NEWMESH.Parent = PARENT
	return NEWMESH
end

function WACKYEFFECT(Table)
	local TYPE = Table.EffectType or "Sphere"
	local SIZE = Table.Size or VT(1, 1, 1)
	local ENDSIZE = Table.Size2 or VT(0, 0, 0)
	local TRANSPARENCY = Table.Transparency or 0
	local ENDTRANSPARENCY = Table.Transparency2 or 1
	local CFRAME = Table.CFrame or Torso.CFrame
	local MOVEDIRECTION = Table.MoveToPos or nil
	local ROTATION1 = Table.RotationX or 0
	local ROTATION2 = Table.RotationY or 0
	local ROTATION3 = Table.RotationZ or 0
	local MATERIAL = Table.Material --or "Neon"
	local COLOR = Table.Color or C3(1, 1, 1)
	local TIME = Table.Time or 45
	local SOUNDID = Table.SoundID or nil
	local SOUNDPITCH = Table.SoundPitch or nil
	local SOUNDVOLUME = Table.SoundVolume or nil
	local USEBOOMERANGMATH = Table.UseBoomerangMath or false
	local BOOMERANG = Table.Boomerang or 0
	local SIZEBOOMERANG = Table.SizeBoomerang or 0
	coroutine.resume(coroutine.create(function()
		local PLAYSSOUND = false
		local SOUND
		local EFFECT = CreatePart(3, Effects, MATERIAL, 0, TRANSPARENCY, BRICKC("Pearl"), "Effect", VT(1, 1, 1), true)
		EFFECT.Color = COLOR
		if SOUNDID ~= nil and SOUNDPITCH ~= nil and SOUNDVOLUME ~= nil then
			PLAYSSOUND = true
			SOUND = CreateSound(SOUNDID, EFFECT, SOUNDVOLUME, SOUNDPITCH, false)
		end
		local MSH
		if TYPE == "Sphere" then
			MSH = CreateMesh("SpecialMesh", EFFECT, "Sphere", "", "", SIZE, VT(0, 0, 0))
		elseif TYPE == "Block" or TYPE == "Box" then
			MSH = IT("BlockMesh", EFFECT)
			MSH.Scale = SIZE
		elseif TYPE == "Wave" then
			MSH = CreateMesh("SpecialMesh", EFFECT, "FileMesh", "20329976", "", SIZE, VT(0, 0, -SIZE.X / 8))
		elseif TYPE == "Ring" then
			MSH = CreateMesh("SpecialMesh", EFFECT, "FileMesh", "559831844", "", VT(SIZE.X, SIZE.X, 0.1), VT(0, 0, 0))
		elseif TYPE == "Slash" then
			MSH = CreateMesh("SpecialMesh", EFFECT, "FileMesh", "662586858", "", VT(SIZE.X / 10, 0, SIZE.X / 10), VT(0, 0, 0))
		elseif TYPE == "Round Slash" then
			MSH = CreateMesh("SpecialMesh", EFFECT, "FileMesh", "662585058", "", VT(SIZE.X / 10, 0, SIZE.X / 10), VT(0, 0, 0))
		elseif TYPE == "Swirl" then
			MSH = CreateMesh("SpecialMesh", EFFECT, "FileMesh", "168892432", "", SIZE, VT(0, 0, 0))
		elseif TYPE == "Skull" then
			MSH = CreateMesh("SpecialMesh", EFFECT, "FileMesh", "4770583", "", SIZE, VT(0, 0, 0))
		elseif TYPE == "Star" then 
			MSH = CreateMesh("SpecialMesh", EFFECT, "FileMesh", "2760116123", "", SIZE, VT(0,0,0))   	
		elseif TYPE == "Crystal" then
			MSH = CreateMesh("SpecialMesh", EFFECT, "FileMesh", "450656451", "", SIZE, VT(0, 0, 0))
		end
		coroutine.resume(coroutine.create(function()
			if MSH ~= nil then
				local BOOMR1 = 1 + BOOMERANG / 50
				local BOOMR2 = 1 + SIZEBOOMERANG / 50
				local MOVESPEED = nil
				if MOVEDIRECTION ~= nil then
					MOVESPEED = (CFRAME.p - MOVEDIRECTION).Magnitude/TIME
				end
				local GROWTH
				if USEBOOMERANGMATH == true then
					GROWTH = (SIZE - ENDSIZE) * (BOOMR2 + 1)
				else
					GROWTH = SIZE - ENDSIZE
				end
				local TRANS = TRANSPARENCY - ENDTRANSPARENCY
				if TYPE == "Block" then
					EFFECT.CFrame = CFRAME * ANGLES(RAD(MRANDOM(0, 360)), RAD(MRANDOM(0, 360)), RAD(MRANDOM(0, 360)))
				else
					EFFECT.CFrame = CFRAME
				end
				if USEBOOMERANGMATH == true then
					for LOOP = 1, TIME + 1 do
						Swait()
						MSH.Scale = MSH.Scale - VT(GROWTH.X * (1 - LOOP / TIME * BOOMR2), GROWTH.Y * (1 - LOOP / TIME * BOOMR2), GROWTH.Z * (1 - LOOP / TIME * BOOMR2)) * BOOMR2 / TIME
						if TYPE == "Wave" then
							MSH.Offset = VT(0, 0, -MSH.Scale.Z / 8)
						end
						EFFECT.Transparency = EFFECT.Transparency - TRANS / TIME
						if TYPE == "Block" then
							EFFECT.CFrame = CFRAME * ANGLES(RAD(MRANDOM(0, 360)), RAD(MRANDOM(0, 360)), RAD(MRANDOM(0, 360)))
						else
							EFFECT.CFrame = EFFECT.CFrame * ANGLES(RAD(ROTATION1), RAD(ROTATION2), RAD(ROTATION3))
						end
						if MOVEDIRECTION ~= nil then
							local ORI = EFFECT.Orientation
							EFFECT.CFrame = CF(EFFECT.Position, MOVEDIRECTION) * CF(0, 0, -MOVESPEED * (1 - LOOP / TIME * BOOMR1))
							EFFECT.Orientation = ORI
						end
					end
				else
					for LOOP = 1, TIME + 1 do
						Swait()
						MSH.Scale = MSH.Scale - GROWTH / TIME
						if TYPE == "Wave" then
							MSH.Offset = VT(0, 0, -MSH.Scale.Z / 8)
						end
						EFFECT.Transparency = EFFECT.Transparency - TRANS / TIME
						if TYPE == "Block" then
							EFFECT.CFrame = CFRAME * ANGLES(RAD(MRANDOM(0, 360)), RAD(MRANDOM(0, 360)), RAD(MRANDOM(0, 360)))
						else
							EFFECT.CFrame = EFFECT.CFrame * ANGLES(RAD(ROTATION1), RAD(ROTATION2), RAD(ROTATION3))
						end
						if MOVEDIRECTION ~= nil then
							local ORI = EFFECT.Orientation
							EFFECT.CFrame = CF(EFFECT.Position,MOVEDIRECTION)*CF(0,0,-MOVESPEED)
							EFFECT.Orientation = ORI
						end
					end
				end
				EFFECT.Transparency = 1
				if PLAYSSOUND == false then
					EFFECT:remove()
				else
					repeat
						Swait()
					until EFFECT:FindFirstChildOfClass("Sound") == nil
					EFFECT:remove()
				end
			elseif PLAYSSOUND == false then
				EFFECT:remove()
			else
				repeat
					Swait()
				until EFFECT:FindFirstChildOfClass("Sound") == nil
				EFFECT:remove()
			end
		end))
		return EFFECT
	end))
end

function EXCEPTWACKYEFFECT(Table)
	local TYPE = Table.EffectType or "Sphere"
	local SIZE = Table.Size or VT(1, 1, 1)
	local ENDSIZE = Table.Size2 or VT(0, 0, 0)
	local TRANSPARENCY = Table.Transparency or 0
	local ENDTRANSPARENCY = Table.Transparency2 or 1
	local CFRAME = Table.CFrame or Torso.CFrame
	local MOVEDIRECTION = Table.MoveToPos or nil
	local ROTATION1 = Table.RotationX or 0
	local ROTATION2 = Table.RotationY or 0
	local ROTATION3 = Table.RotationZ or 0
	local MATERIAL = "Neon"
	local COLOR = Table.Color or C3(1, 1, 1)
	local TIME = Table.Time or 45
	local SOUNDID = Table.SoundID or nil
	local SOUNDPITCH = Table.SoundPitch or nil
	local SOUNDVOLUME = Table.SoundVolume or nil
	local USEBOOMERANGMATH = Table.UseBoomerangMath or false
	local BOOMERANG = Table.Boomerang or 0
	local SIZEBOOMERANG = Table.SizeBoomerang or 0
	coroutine.resume(coroutine.create(function()
		local PLAYSSOUND = false
		local SOUND
		local EFFECT = CreatePart(3, ExceptEffects, MATERIAL, 0, TRANSPARENCY, BRICKC("Pearl"), "Effect", VT(1, 1, 1), true)
		EFFECT.Color = COLOR
		if SOUNDID ~= nil and SOUNDPITCH ~= nil and SOUNDVOLUME ~= nil then
			PLAYSSOUND = true
			SOUND = CreateSound(SOUNDID, EFFECT, SOUNDVOLUME, SOUNDPITCH, false)
		end
		local MSH
		if TYPE == "Sphere" then
			MSH = CreateMesh("SpecialMesh", EFFECT, "Sphere", "", "", SIZE, VT(0, 0, 0))
		elseif TYPE == "Block" or TYPE == "Box" then
			MSH = IT("BlockMesh", EFFECT)
			MSH.Scale = SIZE
		elseif TYPE == "Wave" then
			MSH = CreateMesh("SpecialMesh", EFFECT, "FileMesh", "20329976", "", SIZE, VT(0, 0, -SIZE.X / 8))
		elseif TYPE == "Ring" then
			MSH = CreateMesh("SpecialMesh", EFFECT, "FileMesh", "559831844", "", VT(SIZE.X, SIZE.X, 0.1), VT(0, 0, 0))
		elseif TYPE == "Slash" then
			MSH = CreateMesh("SpecialMesh", EFFECT, "FileMesh", "662586858", "", VT(SIZE.X / 10, 0, SIZE.X / 10), VT(0, 0, 0))
		elseif TYPE == "Round Slash" then
			MSH = CreateMesh("SpecialMesh", EFFECT, "FileMesh", "662585058", "", VT(SIZE.X / 10, 0, SIZE.X / 10), VT(0, 0, 0))
		elseif TYPE == "Swirl" then
			MSH = CreateMesh("SpecialMesh", EFFECT, "FileMesh", "168892432", "", SIZE, VT(0, 0, 0))
		elseif TYPE == "Skull" then
			MSH = CreateMesh("SpecialMesh", EFFECT, "FileMesh", "4770583", "", SIZE, VT(0, 0, 0))
		elseif TYPE == "Star" then 
			MSH = CreateMesh("SpecialMesh", EFFECT, "FileMesh", "2760116123", "", SIZE, VT(0,0,0))   	
		elseif TYPE == "Crystal" then
			MSH = CreateMesh("SpecialMesh", EFFECT, "FileMesh", "450656451", "", SIZE, VT(0, 0, 0))
		end
		coroutine.resume(coroutine.create(function()
			if MSH ~= nil then
				local BOOMR1 = 1 + BOOMERANG / 50
				local BOOMR2 = 1 + SIZEBOOMERANG / 50
				local MOVESPEED = nil
				if MOVEDIRECTION ~= nil then
					MOVESPEED = (CFRAME.p - MOVEDIRECTION).Magnitude/TIME
				end
				local GROWTH
				if USEBOOMERANGMATH == true then
					GROWTH = (SIZE - ENDSIZE) * (BOOMR2 + 1)
				else
					GROWTH = SIZE - ENDSIZE
				end
				local TRANS = TRANSPARENCY - ENDTRANSPARENCY
				if TYPE == "Block" then
					EFFECT.CFrame = CFRAME * ANGLES(RAD(MRANDOM(0, 360)), RAD(MRANDOM(0, 360)), RAD(MRANDOM(0, 360)))
				else
					EFFECT.CFrame = CFRAME
				end
				if USEBOOMERANGMATH == true then
					for LOOP = 1, TIME + 1 do
						Swait()
						MSH.Scale = MSH.Scale - VT(GROWTH.X * (1 - LOOP / TIME * BOOMR2), GROWTH.Y * (1 - LOOP / TIME * BOOMR2), GROWTH.Z * (1 - LOOP / TIME * BOOMR2)) * BOOMR2 / TIME
						if TYPE == "Wave" then
							MSH.Offset = VT(0, 0, -MSH.Scale.Z / 8)
						end
						EFFECT.Transparency = EFFECT.Transparency - TRANS / TIME
						if TYPE == "Block" then
							EFFECT.CFrame = CFRAME * ANGLES(RAD(MRANDOM(0, 360)), RAD(MRANDOM(0, 360)), RAD(MRANDOM(0, 360)))
						else
							EFFECT.CFrame = EFFECT.CFrame * ANGLES(RAD(ROTATION1), RAD(ROTATION2), RAD(ROTATION3))
						end
						if MOVEDIRECTION ~= nil then
							local ORI = EFFECT.Orientation
							EFFECT.CFrame = CF(EFFECT.Position, MOVEDIRECTION) * CF(0, 0, -MOVESPEED * (1 - LOOP / TIME * BOOMR1))
							EFFECT.Orientation = ORI
						end
					end
				else
					for LOOP = 1, TIME + 1 do
						Swait()
						MSH.Scale = MSH.Scale - GROWTH / TIME
						if TYPE == "Wave" then
							MSH.Offset = VT(0, 0, -MSH.Scale.Z / 8)
						end
						EFFECT.Transparency = EFFECT.Transparency - TRANS / TIME
						if TYPE == "Block" then
							EFFECT.CFrame = CFRAME * ANGLES(RAD(MRANDOM(0, 360)), RAD(MRANDOM(0, 360)), RAD(MRANDOM(0, 360)))
						else
							EFFECT.CFrame = EFFECT.CFrame * ANGLES(RAD(ROTATION1), RAD(ROTATION2), RAD(ROTATION3))
						end
						if MOVEDIRECTION ~= nil then
							local ORI = EFFECT.Orientation
							EFFECT.CFrame = CF(EFFECT.Position,MOVEDIRECTION)*CF(0,0,-MOVESPEED)
							EFFECT.Orientation = ORI
						end
					end
				end
				EFFECT.Transparency = 1
				if PLAYSSOUND == false then
					EFFECT:remove()
				else
					repeat
						Swait()
					until EFFECT:FindFirstChildOfClass("Sound") == nil
					EFFECT:remove()
				end
			elseif PLAYSSOUND == false then
				EFFECT:remove()
			else
				repeat
					Swait()
				until EFFECT:FindFirstChildOfClass("Sound") == nil
				EFFECT:remove()
			end
		end))
		return EFFECT
	end))
end

--[[ Gun = Instance.new("Part", Character)
Gun.Size = Vector3.new(1,1.18,1.35)
Gun.Anchored = false
Gun.CanCollide = true
Gun.BrickColor = BrickColor.new("Black")
Gun.Transparency = 0

GunMesh = Instance.new("SpecialMesh",Gun)
GunMesh.MeshId = "rbxassetid://4615369575"
GunMesh.Scale = Vector3.new(2,2,2) --]]

cors = {}
mas = Instance.new("Folder",Character)
Gun = Instance.new("Part")
GunAdditions = Instance.new("Model")
Part2 = Instance.new("Part")
Part3 = Instance.new("Part")
Part4 = Instance.new("Part")
Part5 = Instance.new("Part")
Part6 = Instance.new("Part")
Part7 = Instance.new("Part")
Part8 = Instance.new("Part")
Part9 = Instance.new("Part")
Part10 = Instance.new("Part")
Part11 = Instance.new("Part")
Part12 = Instance.new("Part")
Part13 = Instance.new("Part")
Part14 = Instance.new("Part")
Part15 = Instance.new("Part")
Part16 = Instance.new("Part")
Part17 = Instance.new("Part")
Part18 = Instance.new("Part")
Part19 = Instance.new("Part")
Part20 = Instance.new("Part")
Part21 = Instance.new("Part")
Part22 = Instance.new("Part")
Part23 = Instance.new("Part")
Part24 = Instance.new("Part")
Part25 = Instance.new("Part")
Part26 = Instance.new("Part")
Part27 = Instance.new("Part")
Part28 = Instance.new("Part")
Part29 = Instance.new("Part")
Part30 = Instance.new("Part")
Part31 = Instance.new("Part")
Part32 = Instance.new("Part")
NeonParts = Instance.new("Model")
Part34 = Instance.new("Part")
Part35 = Instance.new("Part")
Part36 = Instance.new("Part")
Part37 = Instance.new("Part")
Part38 = Instance.new("Part")
Part39 = Instance.new("Part")
Part40 = Instance.new("Part")
Part41 = Instance.new("Part")
Part42 = Instance.new("Part")
Part43 = Instance.new("Part")
Part44 = Instance.new("Part")
Part45 = Instance.new("Part")
Part46 = Instance.new("Part")
Part47 = Instance.new("Part")
Part48 = Instance.new("Part")
Part49 = Instance.new("Part")
Part50 = Instance.new("Part")
Part51 = Instance.new("Part")
Part52 = Instance.new("Part")
Part53 = Instance.new("Part")
Part54 = Instance.new("Part")
Part55 = Instance.new("Part")
Part56 = Instance.new("Part")
Part57 = Instance.new("Part")
Part58 = Instance.new("Part")
WedgePart59 = Instance.new("WedgePart")
WedgePart60 = Instance.new("WedgePart")
WedgePart61 = Instance.new("WedgePart")
WedgePart62 = Instance.new("WedgePart")
WedgePart63 = Instance.new("WedgePart")
WedgePart64 = Instance.new("WedgePart")
WedgePart65 = Instance.new("WedgePart")
WedgePart66 = Instance.new("WedgePart")
WedgePart67 = Instance.new("WedgePart")
WedgePart68 = Instance.new("WedgePart")
WedgePart69 = Instance.new("WedgePart")
WedgePart70 = Instance.new("WedgePart")
WedgePart71 = Instance.new("WedgePart")
WedgePart72 = Instance.new("WedgePart")
WedgePart73 = Instance.new("WedgePart")
WedgePart74 = Instance.new("WedgePart")
WedgePart75 = Instance.new("WedgePart")
WedgePart76 = Instance.new("WedgePart")
WedgePart77 = Instance.new("WedgePart")
WedgePart78 = Instance.new("WedgePart")
WedgePart79 = Instance.new("WedgePart")
WedgePart80 = Instance.new("WedgePart")
WedgePart81 = Instance.new("WedgePart")
WedgePart82 = Instance.new("WedgePart")
WedgePart83 = Instance.new("WedgePart")
WedgePart84 = Instance.new("WedgePart")
WedgePart85 = Instance.new("WedgePart")
WedgePart86 = Instance.new("WedgePart")
WedgePart87 = Instance.new("WedgePart")
WedgePart88 = Instance.new("WedgePart")
WedgePart89 = Instance.new("WedgePart")
WedgePart90 = Instance.new("WedgePart")
WedgePart91 = Instance.new("WedgePart")
WedgePart92 = Instance.new("WedgePart")
Gun.Parent = mas
Gun.CFrame = CFrame.new(19.5114193, 17.4151173, 29.1267776, 0.0766888559, -0.0419792645, 0.996165454, -0.772843122, -0.633737981, 0.0327864662, 0.629938841, -0.772393823, -0.0810419023)
Gun.Orientation = Vector3.new(-1.8799999952316, 94.650001525879, -129.35000610352)
Gun.Position = Vector3.new(19.501419296265, 17.385117263794, 29.076777648926)
Gun.Rotation = Vector3.new(-157.9700012207, 84.980003356934, 28.700000762939)
Gun.Color = Color3.new(0, 0, 0)
Gun.Size = Vector3.new(9.3359508514404 / 10, 8.5937814712524 / 10, 1.4496214389801)
Gun.Anchored = true
Gun.BrickColor = BrickColor.new("Black")
Gun.CanCollide = false
Gun.Locked = false
Gun.Material = Enum.Material.Neon
GunMesh = IT("SpecialMesh",Gun)
GunMesh.MeshId = "rbxassetid://4615369575"
GunMesh.Scale = VT(2.01,2.01,2.01)
GunAdditions.Parent = Gun
GunAdditions.Name = "GunAdditions"
Part2.Parent = GunAdditions
Part2.CFrame = CFrame.new(19.2145634, 16.6421738, 27.6565914, -0.0637066588, -0.0594783835, -0.996194661, 0.908383965, -0.416817188, -0.0332048088, -0.413256198, -0.907042325, 0.0805832073)
Part2.Orientation = Vector3.new(1.8999999761581, -85.379997253418, 114.65000152588)
Part2.Position = Vector3.new(19.214563369751, 16.64217376709, 27.656591415405)
Part2.Rotation = Vector3.new(22.389999389648, -85, 136.9700012207)
Part2.Color = Color3.new(0.498039, 0.498039, 0.498039)
Part2.Size = Vector3.new(0.15661776065826, 0.090356394648552, 0.27307713031769)
Part2.Anchored = true
Part2.BottomSurface = Enum.SurfaceType.Smooth
Part2.BrickColor = BrickColor.new("Sand green")
Part2.CanCollide = false
Part2.Locked = false
Part2.Material = Enum.Material.Metal
Part2.TopSurface = Enum.SurfaceType.Smooth
Part2.brickColor = BrickColor.new("Sand green")
Part3.Parent = GunAdditions
Part3.CFrame = CFrame.new(19.3688221, 18.9064026, 23.968647, -0.0833633617, 0.722394645, -0.686437607, 0.09322685, -0.680160761, -0.727110922, -0.992148995, -0.124608696, -0.0106459931)
Part3.Orientation = Vector3.new(46.639999389648, -90.889999389648, 172.19999694824)
Part3.Position = Vector3.new(19.368822097778, 18.906402587891, 23.968647003174)
Part3.Rotation = Vector3.new(90.839996337891, -43.349998474121, -96.580001831055)
Part3.Color = Color3.new(1, 1, 1)
Part3.Size = Vector3.new(0.20079199969769, 0.28110834956169, 0.14055448770523)
Part3.Anchored = true
Part3.BottomSurface = Enum.SurfaceType.Smooth
Part3.BrickColor = BrickColor.new("Institutional white")
Part3.CanCollide = false
Part3.Locked = false
Part3.Material = Enum.Material.Metal
Part3.TopSurface = Enum.SurfaceType.Smooth
Part3.brickColor = BrickColor.new("Institutional white")
Part4.Parent = GunAdditions
Part4.CFrame = CFrame.new(19.761692, 17.2902184, 26.7139797, -0.0833633617, 0.0254316237, -0.996194661, 0.09322685, -0.995091259, -0.0332048088, -0.992148995, -0.0956399739, 0.0805832073)
Part4.Orientation = Vector3.new(1.8999999761581, -85.379997253418, 174.64999389648)
Part4.Position = Vector3.new(19.761692047119, 17.290218353271, 26.713979721069)
Part4.Rotation = Vector3.new(22.389999389648, -85, -163.0299987793)
Part4.Color = Color3.new(0.498039, 0.498039, 0.498039)
Part4.Size = Vector3.new(0.20079199969769, 0.20079199969769, 0.20079199969769)
Part4.Anchored = true
Part4.BottomSurface = Enum.SurfaceType.Smooth
Part4.BrickColor = BrickColor.new("Sand green")
Part4.CanCollide = false
Part4.Locked = false
Part4.Material = Enum.Material.Metal
Part4.TopSurface = Enum.SurfaceType.Smooth
Part4.brickColor = BrickColor.new("Sand green")
Part4.Shape = Enum.PartType.Ball
Part5.Parent = GunAdditions
Part5.CFrame = CFrame.new(19.834959, 17.6540585, 27.1467686, -0.0833633617, 0.0254316237, -0.996194661, 0.09322685, -0.995091259, -0.0332048088, -0.992148995, -0.0956399739, 0.0805832073)
Part5.Orientation = Vector3.new(1.8999999761581, -85.379997253418, 174.64999389648)
Part5.Position = Vector3.new(19.834959030151, 17.654058456421, 27.146768569946)
Part5.Rotation = Vector3.new(22.389999389648, -85, -163.0299987793)
Part5.Color = Color3.new(0.498039, 0.498039, 0.498039)
Part5.Size = Vector3.new(0.20079199969769, 0.20079199969769, 0.20079199969769)
Part5.Anchored = true
Part5.BottomSurface = Enum.SurfaceType.Smooth
Part5.BrickColor = BrickColor.new("Sand green")
Part5.CanCollide = false
Part5.Locked = false
Part5.Material = Enum.Material.Metal
Part5.TopSurface = Enum.SurfaceType.Smooth
Part5.brickColor = BrickColor.new("Sand green")
Part5.Shape = Enum.PartType.Ball
Part6.Parent = GunAdditions
Part6.CFrame = CFrame.new(18.708746, 18.8844032, 24.0220394, -0.0833633617, -0.686433196, -0.722398877, 0.09322685, -0.727115035, 0.68015635, -0.992148995, -0.0106467605, 0.124608606)
Part6.Orientation = Vector3.new(-42.860000610352, -80.209999084473, 172.69000244141)
Part6.Position = Vector3.new(18.708745956421, 18.88440322876, 24.022039413452)
Part6.Rotation = Vector3.new(-79.620002746582, -46.25, 96.919998168945)
Part6.Color = Color3.new(1, 1, 1)
Part6.Size = Vector3.new(0.20079199969769, 0.28110834956169, 0.14055448770523)
Part6.Anchored = true
Part6.BottomSurface = Enum.SurfaceType.Smooth
Part6.BrickColor = BrickColor.new("Institutional white")
Part6.CanCollide = false
Part6.Locked = false
Part6.Material = Enum.Material.Metal
Part6.TopSurface = Enum.SurfaceType.Smooth
Part6.brickColor = BrickColor.new("Institutional white")
Part7.Parent = GunAdditions
Part7.CFrame = CFrame.new(19.7784271, 17.2714996, 26.9131985, -0.0833633617, 0.0254316237, -0.996194661, 0.09322685, -0.995091259, -0.0332048088, -0.992148995, -0.0956399739, 0.0805832073)
Part7.Orientation = Vector3.new(1.8999999761581, -85.379997253418, 174.64999389648)
Part7.Position = Vector3.new(19.778427124023, 17.271499633789, 26.913198471069)
Part7.Rotation = Vector3.new(22.389999389648, -85, -163.0299987793)
Part7.Color = Color3.new(0.498039, 0.498039, 0.498039)
Part7.Size = Vector3.new(0.40158399939537, 0.20079199969769, 0.20079199969769)
Part7.Anchored = true
Part7.BottomSurface = Enum.SurfaceType.Smooth
Part7.BrickColor = BrickColor.new("Sand green")
Part7.CanCollide = false
Part7.Locked = false
Part7.Material = Enum.Material.Metal
Part7.TopSurface = Enum.SurfaceType.Smooth
Part7.brickColor = BrickColor.new("Sand green")
Part7.Shape = Enum.PartType.Cylinder
Part8.Parent = GunAdditions
Part8.CFrame = CFrame.new(19.2145634, 16.6421738, 27.6565914, -0.0833633617, 0.0254316237, -0.996194661, 0.09322685, -0.995091259, -0.0332048088, -0.992148995, -0.0956399739, 0.0805832073)
Part8.Orientation = Vector3.new(1.8999999761581, -85.379997253418, 174.64999389648)
Part8.Position = Vector3.new(19.214563369751, 16.64217376709, 27.656591415405)
Part8.Rotation = Vector3.new(22.389999389648, -85, -163.0299987793)
Part8.Color = Color3.new(0.498039, 0.498039, 0.498039)
Part8.Size = Vector3.new(0.15661776065826, 0.090356394648552, 0.27307713031769)
Part8.Anchored = true
Part8.BottomSurface = Enum.SurfaceType.Smooth
Part8.BrickColor = BrickColor.new("Sand green")
Part8.CanCollide = false
Part8.Locked = false
Part8.Material = Enum.Material.Metal
Part8.TopSurface = Enum.SurfaceType.Smooth
Part8.brickColor = BrickColor.new("Sand green")
Part9.Parent = GunAdditions
Part9.CFrame = CFrame.new(18.8783092, 17.2415066, 26.986002, -0.0833633617, 0.0254316237, -0.996194661, 0.09322685, -0.995091259, -0.0332048088, -0.992148995, -0.0956399739, 0.0805832073)
Part9.Orientation = Vector3.new(1.8999999761581, -85.379997253418, 174.64999389648)
Part9.Position = Vector3.new(18.878309249878, 17.241506576538, 26.986001968384)
Part9.Rotation = Vector3.new(22.389999389648, -85, -163.0299987793)
Part9.Color = Color3.new(0.498039, 0.498039, 0.498039)
Part9.Size = Vector3.new(0.40158399939537, 0.20079199969769, 0.20079199969769)
Part9.Anchored = true
Part9.BottomSurface = Enum.SurfaceType.Smooth
Part9.BrickColor = BrickColor.new("Sand green")
Part9.CanCollide = false
Part9.Locked = false
Part9.Material = Enum.Material.Metal
Part9.TopSurface = Enum.SurfaceType.Smooth
Part9.brickColor = BrickColor.new("Sand green")
Part9.Shape = Enum.PartType.Cylinder
Part10.Parent = GunAdditions
Part10.CFrame = CFrame.new(19.4071236, 17.4078674, 23.8246422, -0.0833633617, -0.686433196, -0.722398877, 0.09322685, -0.727115035, 0.68015635, -0.992148995, -0.0106467605, 0.124608606)
Part10.Orientation = Vector3.new(-42.860000610352, -80.209999084473, 172.69000244141)
Part10.Position = Vector3.new(19.407123565674, 17.407867431641, 23.824642181396)
Part10.Rotation = Vector3.new(-79.620002746582, -46.25, 96.919998168945)
Part10.Color = Color3.new(1, 1, 1)
Part10.Size = Vector3.new(0.20079199969769, 0.28110834956169, 0.14055448770523)
Part10.Anchored = true
Part10.BottomSurface = Enum.SurfaceType.Smooth
Part10.BrickColor = BrickColor.new("Institutional white")
Part10.CanCollide = false
Part10.Locked = false
Part10.Material = Enum.Material.Metal
Part10.TopSurface = Enum.SurfaceType.Smooth
Part10.brickColor = BrickColor.new("Institutional white")
Part11.Parent = GunAdditions
Part11.CFrame = CFrame.new(19.8014832, 17.691494, 26.7483444, -0.0833633617, 0.0254316237, -0.996194661, 0.09322685, -0.995091259, -0.0332048088, -0.992148995, -0.0956399739, 0.0805832073)
Part11.Orientation = Vector3.new(1.8999999761581, -85.379997253418, 174.64999389648)
Part11.Position = Vector3.new(19.801483154297, 17.691493988037, 26.748344421387)
Part11.Rotation = Vector3.new(22.389999389648, -85, -163.0299987793)
Part11.Color = Color3.new(0.498039, 0.498039, 0.498039)
Part11.Size = Vector3.new(0.20079199969769, 0.20079199969769, 0.20079199969769)
Part11.Anchored = true
Part11.BottomSurface = Enum.SurfaceType.Smooth
Part11.BrickColor = BrickColor.new("Sand green")
Part11.CanCollide = false
Part11.Locked = false
Part11.Material = Enum.Material.Metal
Part11.TopSurface = Enum.SurfaceType.Smooth
Part11.brickColor = BrickColor.new("Sand green")
Part11.Shape = Enum.PartType.Ball
Part12.Parent = GunAdditions
Part12.CFrame = CFrame.new(19.7747402, 18.0520058, 27.1892185, -0.0833633617, 0.0254316237, -0.996194661, 0.09322685, -0.995091259, -0.0332048088, -0.992148995, -0.0956399739, 0.0805832073)
Part12.Orientation = Vector3.new(1.8999999761581, -85.379997253418, 174.64999389648)
Part12.Position = Vector3.new(19.774740219116, 18.052005767822, 27.189218521118)
Part12.Rotation = Vector3.new(22.389999389648, -85, -163.0299987793)
Part12.Color = Color3.new(0.498039, 0.498039, 0.498039)
Part12.Size = Vector3.new(0.20079199969769, 0.20079199969769, 0.20079199969769)
Part12.Anchored = true
Part12.BottomSurface = Enum.SurfaceType.Smooth
Part12.BrickColor = BrickColor.new("Sand green")
Part12.CanCollide = false
Part12.Locked = false
Part12.Material = Enum.Material.Metal
Part12.TopSurface = Enum.SurfaceType.Smooth
Part12.brickColor = BrickColor.new("Sand green")
Part12.Shape = Enum.PartType.Ball
Part13.Parent = GunAdditions
Part13.CFrame = CFrame.new(19.795166, 17.2527809, 27.1124058, -0.0833633617, 0.0254316237, -0.996194661, 0.09322685, -0.995091259, -0.0332048088, -0.992148995, -0.0956399739, 0.0805832073)
Part13.Orientation = Vector3.new(1.8999999761581, -85.379997253418, 174.64999389648)
Part13.Position = Vector3.new(19.795166015625, 17.252780914307, 27.112405776978)
Part13.Rotation = Vector3.new(22.389999389648, -85, -163.0299987793)
Part13.Color = Color3.new(0.498039, 0.498039, 0.498039)
Part13.Size = Vector3.new(0.20079199969769, 0.20079199969769, 0.20079199969769)
Part13.Anchored = true
Part13.BottomSurface = Enum.SurfaceType.Smooth
Part13.BrickColor = BrickColor.new("Sand green")
Part13.CanCollide = false
Part13.Locked = false
Part13.Material = Enum.Material.Metal
Part13.TopSurface = Enum.SurfaceType.Smooth
Part13.brickColor = BrickColor.new("Sand green")
Part13.Shape = Enum.PartType.Ball
Part14.Parent = GunAdditions
Part14.CFrame = CFrame.new(18.8578854, 18.0407276, 27.062809, -0.0833633617, 0.0254316237, -0.996194661, 0.09322685, -0.995091259, -0.0332048088, -0.992148995, -0.0956399739, 0.0805832073)
Part14.Orientation = Vector3.new(1.8999999761581, -85.379997253418, 174.64999389648)
Part14.Position = Vector3.new(18.857885360718, 18.040727615356, 27.062808990479)
Part14.Rotation = Vector3.new(22.389999389648, -85, -163.0299987793)
Part14.Color = Color3.new(0.498039, 0.498039, 0.498039)
Part14.Size = Vector3.new(0.40158399939537, 0.20079199969769, 0.20079199969769)
Part14.Anchored = true
Part14.BottomSurface = Enum.SurfaceType.Smooth
Part14.BrickColor = BrickColor.new("Sand green")
Part14.CanCollide = false
Part14.Locked = false
Part14.Material = Enum.Material.Metal
Part14.TopSurface = Enum.SurfaceType.Smooth
Part14.brickColor = BrickColor.new("Sand green")
Part14.Shape = Enum.PartType.Cylinder
Part15.Parent = GunAdditions
Part15.CFrame = CFrame.new(19.818224, 17.6727772, 26.9475517, -0.0833633617, 0.0254316237, -0.996194661, 0.09322685, -0.995091259, -0.0332048088, -0.992148995, -0.0956399739, 0.0805832073)
Part15.Orientation = Vector3.new(1.8999999761581, -85.379997253418, 174.64999389648)
Part15.Position = Vector3.new(19.818223953247, 17.672777175903, 26.947551727295)
Part15.Rotation = Vector3.new(22.389999389648, -85, -163.0299987793)
Part15.Color = Color3.new(0.498039, 0.498039, 0.498039)
Part15.Size = Vector3.new(0.40158399939537, 0.20079199969769, 0.20079199969769)
Part15.Anchored = true
Part15.BottomSurface = Enum.SurfaceType.Smooth
Part15.BrickColor = BrickColor.new("Sand green")
Part15.CanCollide = false
Part15.Locked = false
Part15.Material = Enum.Material.Metal
Part15.TopSurface = Enum.SurfaceType.Smooth
Part15.brickColor = BrickColor.new("Sand green")
Part15.Shape = Enum.PartType.Cylinder
Part16.Parent = GunAdditions
Part16.CFrame = CFrame.new(19.7412624, 18.0894432, 26.7907867, -0.0833633617, 0.0254316237, -0.996194661, 0.09322685, -0.995091259, -0.0332048088, -0.992148995, -0.0956399739, 0.0805832073)
Part16.Orientation = Vector3.new(1.8999999761581, -85.379997253418, 174.64999389648)
Part16.Position = Vector3.new(19.741262435913, 18.089443206787, 26.790786743164)
Part16.Rotation = Vector3.new(22.389999389648, -85, -163.0299987793)
Part16.Color = Color3.new(0.498039, 0.498039, 0.498039)
Part16.Size = Vector3.new(0.20079199969769, 0.20079199969769, 0.20079199969769)
Part16.Anchored = true
Part16.BottomSurface = Enum.SurfaceType.Smooth
Part16.BrickColor = BrickColor.new("Sand green")
Part16.CanCollide = false
Part16.Locked = false
Part16.Material = Enum.Material.Metal
Part16.TopSurface = Enum.SurfaceType.Smooth
Part16.brickColor = BrickColor.new("Sand green")
Part16.Shape = Enum.PartType.Ball
Part17.Parent = GunAdditions
Part17.CFrame = CFrame.new(18.8411465, 18.0594501, 26.8635921, -0.0833633617, 0.0254316237, -0.996194661, 0.09322685, -0.995091259, -0.0332048088, -0.992148995, -0.0956399739, 0.0805832073)
Part17.Orientation = Vector3.new(1.8999999761581, -85.379997253418, 174.64999389648)
Part17.Position = Vector3.new(18.841146469116, 18.059450149536, 26.863592147827)
Part17.Rotation = Vector3.new(22.389999389648, -85, -163.0299987793)
Part17.Color = Color3.new(0.498039, 0.498039, 0.498039)
Part17.Size = Vector3.new(0.20079199969769, 0.20079199969769, 0.20079199969769)
Part17.Anchored = true
Part17.BottomSurface = Enum.SurfaceType.Smooth
Part17.BrickColor = BrickColor.new("Sand green")
Part17.CanCollide = false
Part17.Locked = false
Part17.Material = Enum.Material.Metal
Part17.TopSurface = Enum.SurfaceType.Smooth
Part17.brickColor = BrickColor.new("Sand green")
Part17.Shape = Enum.PartType.Ball
Part18.Parent = GunAdditions
Part18.CFrame = CFrame.new(18.8950462, 17.2227859, 27.1852131, -0.0833633617, 0.0254316237, -0.996194661, 0.09322685, -0.995091259, -0.0332048088, -0.992148995, -0.0956399739, 0.0805832073)
Part18.Orientation = Vector3.new(1.8999999761581, -85.379997253418, 174.64999389648)
Part18.Position = Vector3.new(18.895046234131, 17.222785949707, 27.185213088989)
Part18.Rotation = Vector3.new(22.389999389648, -85, -163.0299987793)
Part18.Color = Color3.new(0.498039, 0.498039, 0.498039)
Part18.Size = Vector3.new(0.20079199969769, 0.20079199969769, 0.20079199969769)
Part18.Anchored = true
Part18.BottomSurface = Enum.SurfaceType.Smooth
Part18.BrickColor = BrickColor.new("Sand green")
Part18.CanCollide = false
Part18.Locked = false
Part18.Material = Enum.Material.Metal
Part18.TopSurface = Enum.SurfaceType.Smooth
Part18.brickColor = BrickColor.new("Sand green")
Part18.Shape = Enum.PartType.Ball
Part19.Parent = GunAdditions
Part19.CFrame = CFrame.new(18.861578, 17.2602215, 26.7867889, -0.0833633617, 0.0254316237, -0.996194661, 0.09322685, -0.995091259, -0.0332048088, -0.992148995, -0.0956399739, 0.0805832073)
Part19.Orientation = Vector3.new(1.8999999761581, -85.379997253418, 174.64999389648)
Part19.Position = Vector3.new(18.861577987671, 17.260221481323, 26.78678894043)
Part19.Rotation = Vector3.new(22.389999389648, -85, -163.0299987793)
Part19.Color = Color3.new(0.498039, 0.498039, 0.498039)
Part19.Size = Vector3.new(0.20079199969769, 0.20079199969769, 0.20079199969769)
Part19.Anchored = true
Part19.BottomSurface = Enum.SurfaceType.Smooth
Part19.BrickColor = BrickColor.new("Sand green")
Part19.CanCollide = false
Part19.Locked = false
Part19.Material = Enum.Material.Metal
Part19.TopSurface = Enum.SurfaceType.Smooth
Part19.brickColor = BrickColor.new("Sand green")
Part19.Shape = Enum.PartType.Ball
Part20.Parent = GunAdditions
Part20.CFrame = CFrame.new(18.8180923, 17.6394482, 27.0284519, -0.0833633617, 0.0254316237, -0.996194661, 0.09322685, -0.995091259, -0.0332048088, -0.992148995, -0.0956399739, 0.0805832073)
Part20.Orientation = Vector3.new(1.8999999761581, -85.379997253418, 174.64999389648)
Part20.Position = Vector3.new(18.818092346191, 17.639448165894, 27.028451919556)
Part20.Rotation = Vector3.new(22.389999389648, -85, -163.0299987793)
Part20.Color = Color3.new(0.498039, 0.498039, 0.498039)
Part20.Size = Vector3.new(0.40158399939537, 0.20079199969769, 0.20079199969769)
Part20.Anchored = true
Part20.BottomSurface = Enum.SurfaceType.Smooth
Part20.BrickColor = BrickColor.new("Sand green")
Part20.CanCollide = false
Part20.Locked = false
Part20.Material = Enum.Material.Metal
Part20.TopSurface = Enum.SurfaceType.Smooth
Part20.brickColor = BrickColor.new("Sand green")
Part20.Shape = Enum.PartType.Cylinder
Part21.Parent = GunAdditions
Part21.CFrame = CFrame.new(18.7470493, 17.38587, 23.8780289, -0.0833633617, 0.722394645, -0.686437607, 0.09322685, -0.680160761, -0.727110922, -0.992148995, -0.124608696, -0.0106459931)
Part21.Orientation = Vector3.new(46.639999389648, -90.889999389648, 172.19999694824)
Part21.Position = Vector3.new(18.747049331665, 17.385869979858, 23.878028869629)
Part21.Rotation = Vector3.new(90.839996337891, -43.349998474121, -96.580001831055)
Part21.Color = Color3.new(1, 1, 1)
Part21.Size = Vector3.new(0.20079199969769, 0.28110834956169, 0.14055448770523)
Part21.Anchored = true
Part21.BottomSurface = Enum.SurfaceType.Smooth
Part21.BrickColor = BrickColor.new("Institutional white")
Part21.CanCollide = false
Part21.Locked = false
Part21.Material = Enum.Material.Metal
Part21.TopSurface = Enum.SurfaceType.Smooth
Part21.brickColor = BrickColor.new("Institutional white")
Part22.Parent = GunAdditions
Part22.CFrame = CFrame.new(19.6146202, 16.655508, 27.6242313, -0.0637066588, -0.0594783835, -0.996194661, 0.908383965, -0.416817188, -0.0332048088, -0.413256198, -0.907042325, 0.0805832073)
Part22.Orientation = Vector3.new(1.8999999761581, -85.379997253418, 114.65000152588)
Part22.Position = Vector3.new(19.61462020874, 16.655508041382, 27.624231338501)
Part22.Rotation = Vector3.new(22.389999389648, -85, 136.9700012207)
Part22.Color = Color3.new(0.498039, 0.498039, 0.498039)
Part22.Size = Vector3.new(0.15661776065826, 0.090356394648552, 0.27307713031769)
Part22.Anchored = true
Part22.BottomSurface = Enum.SurfaceType.Smooth
Part22.BrickColor = BrickColor.new("Sand green")
Part22.CanCollide = false
Part22.Locked = false
Part22.Material = Enum.Material.Metal
Part22.TopSurface = Enum.SurfaceType.Smooth
Part22.brickColor = BrickColor.new("Sand green")
Part23.Parent = GunAdditions
Part23.CFrame = CFrame.new(18.8348274, 17.6207294, 27.2276669, -0.0833633617, 0.0254316237, -0.996194661, 0.09322685, -0.995091259, -0.0332048088, -0.992148995, -0.0956399739, 0.0805832073)
Part23.Orientation = Vector3.new(1.8999999761581, -85.379997253418, 174.64999389648)
Part23.Position = Vector3.new(18.834827423096, 17.620729446411, 27.227666854858)
Part23.Rotation = Vector3.new(22.389999389648, -85, -163.0299987793)
Part23.Color = Color3.new(0.498039, 0.498039, 0.498039)
Part23.Size = Vector3.new(0.20079199969769, 0.20079199969769, 0.20079199969769)
Part23.Anchored = true
Part23.BottomSurface = Enum.SurfaceType.Smooth
Part23.BrickColor = BrickColor.new("Sand green")
Part23.CanCollide = false
Part23.Locked = false
Part23.Material = Enum.Material.Metal
Part23.TopSurface = Enum.SurfaceType.Smooth
Part23.brickColor = BrickColor.new("Sand green")
Part23.Shape = Enum.PartType.Ball
Part24.Parent = GunAdditions
Part24.CFrame = CFrame.new(18.8013535, 17.6581669, 26.8292332, -0.0833633617, 0.0254316237, -0.996194661, 0.09322685, -0.995091259, -0.0332048088, -0.992148995, -0.0956399739, 0.0805832073)
Part24.Orientation = Vector3.new(1.8999999761581, -85.379997253418, 174.64999389648)
Part24.Position = Vector3.new(18.80135345459, 17.658166885376, 26.829233169556)
Part24.Rotation = Vector3.new(22.389999389648, -85, -163.0299987793)
Part24.Color = Color3.new(0.498039, 0.498039, 0.498039)
Part24.Size = Vector3.new(0.20079199969769, 0.20079199969769, 0.20079199969769)
Part24.Anchored = true
Part24.BottomSurface = Enum.SurfaceType.Smooth
Part24.BrickColor = BrickColor.new("Sand green")
Part24.CanCollide = false
Part24.Locked = false
Part24.Material = Enum.Material.Metal
Part24.TopSurface = Enum.SurfaceType.Smooth
Part24.brickColor = BrickColor.new("Sand green")
Part24.Shape = Enum.PartType.Ball
Part25.Parent = GunAdditions
Part25.CFrame = CFrame.new(19.057436, 18.1661129, 23.9252605, -0.0833633617, 0.0254316237, -0.996194661, 0.09322685, -0.995091259, -0.0332048088, -0.992148995, -0.0956399739, 0.0805832073)
Part25.Orientation = Vector3.new(1.8999999761581, -85.379997253418, 174.64999389648)
Part25.Position = Vector3.new(19.05743598938, 18.16611289978, 23.925260543823)
Part25.Rotation = Vector3.new(22.389999389648, -85, -163.0299987793)
Part25.Color = Color3.new(1, 1, 1)
Part25.Size = Vector3.new(0.20079199969769, 1.8673658370972, 0.60237598419189)
Part25.Anchored = true
Part25.BottomSurface = Enum.SurfaceType.Smooth
Part25.BrickColor = BrickColor.new("Institutional white")
Part25.CanCollide = false
Part25.Locked = false
Part25.Material = Enum.Material.Metal
Part25.TopSurface = Enum.SurfaceType.Smooth
Part25.brickColor = BrickColor.new("Institutional white")
Part26.Parent = GunAdditions
Part26.CFrame = CFrame.new(18.8746281, 18.022007, 27.2620239, -0.0833633617, 0.0254316237, -0.996194661, 0.09322685, -0.995091259, -0.0332048088, -0.992148995, -0.0956399739, 0.0805832073)
Part26.Orientation = Vector3.new(1.8999999761581, -85.379997253418, 174.64999389648)
